-10 0.000541687 0.00039984
-9.79798 24080.8 3.12778e+06
-9.59596 4166.67 527272
-9.39394 -1091.22 -134235
-9.19192 -647.823 -77277.3
-8.9899 -22.7061 -2619.52
-8.78788 83.5432 9293.08
-8.58586 25.9352 2772.64
-8.38384 -7.45603 -763.255
-8.18182 -7.34398 -716.934
-7.9798 -0.671906 -62.2724
-7.77778 1.54115 134.81
-7.57576 0.704726 57.7978
-7.37374 -0.188277 -14.4682
-7.17172 -0.289887 -20.4701
-6.9697 -0.0505618 -3.13726
-6.76768 0.084582 5.08472
-6.56566 0.0559982 2.93401
-6.36364 -0.0106619 -0.601004
-6.16162 -0.0299683 -1.30045
-5.9596 -0.00790735 -0.30208
-5.75758 0.0145788 0.397285
-5.55556 0.0162607 0.300281
-5.35354 0.00513516 -0.0427182
-5.15152 -0.00132488 -0.158069
-4.94949 0.00476003 -0.0506952
-4.74747 0.0179208 0.058917
-4.54545 0.0274792 0.0578487
-4.34343 0.0271203 -0.00232372
-4.14141 0.0186609 -0.0329671
-3.93939 0.00934801 -0.0130567
-3.73737 0.0063331 0.0174143
-3.53535 0.0124293 0.021759
-3.33333 0.025245 0.00358709
-3.13131 0.0394156 -0.00983855
-2.92929 0.0502443 -0.00353007
-2.72727 0.0568349 0.01194
-2.52525 0.0632983 0.0174664
-2.32323 0.0773596 0.00842895
-2.12121 0.106475 -0.00152446
-1.91919 0.152445 0.00257378
-1.71717 0.206522 0.0192523
-1.51515 0.247925 0.0314378
-1.31313 0.248912 0.0259192
-1.11111 0.188341 0.0126489
-0.909091 0.0725297 0.0239169
-0.707071 -0.04243 0.0905799
-0.505051 -0.0374608 0.213003
-0.30303 0.260926 0.350826
-0.10101 1.04076 0.442443
0.10101 2.43405 0.442443
0.30303 4.43203 0.350826
0.505051 6.81947 0.213003
0.707071 9.17063 0.0905799
0.909091 10.9431 0.0239169
1.11111 11.6766 0.0126489
1.31313 11.2586 0.0259192
1.51515 10.1629 0.0314378
1.71717 9.53987 0.0192523
1.91919 11.0439 0.00257378
2.12121 16.3668 -0.00152446
2.32323 26.5751 0.00842895
2.52525 41.5059 0.0174664
2.72727 59.5705 0.01194
2.92929 78.2788 -0.00353007
3.13131 95.5663 -0.00983855
3.33333 111.601 0.00358709
3.53535 130.3 0.021759
3.73737 159.516 0.0174143
3.93939 209.065 -0.0130567
4.14141 286.587 -0.0329671
4.34343 392.591 -0.00232372
4.54545 517.503 0.0578487
4.74747 644.065 0.058917
4.94949 757.264 -0.0506952
5.15152 860.351 -0.158069
5.35354 990.2 -0.0427182
5.55556 1220.59 0.300281
5.75758 1641.91 0.397285
5.9596 2314.14 -0.30208
6.16162 3208.46 -1.30045
6.36364 4174.59 -0.601004
6.56566 4983.34 2.93401
6.76768 5473.07 5.08472
6.9697 5760.05 -3.13726
7.17172 6364.8 -20.4701
7.37374 8019.25 -14.4682
7.57576 10974.5 57.7978
7.77778 13960.9 134.81
7.9798 13585.9 -62.2724
8.18182 5567.25 -716.934
8.38384 -11051.6 -763.255
8.58586 -27918.4 2772.64
8.78788 -25772.8 9293.08
8.9899 12118.7 -2619.52
9.19192 67029.2 -77277.3
9.39394 61418.8 -134235
9.59596 -66881.4 527272
9.79798 -145457 3.12778e+06
10 -57546.6 0.000397524
