-10 0.00039984
-9.79798 0.000416491
-9.59596 0.000434205
-9.39394 0.000453072
-9.19192 0.000473197
-8.9899 0.000494693
-8.78788 0.000517687
-8.58586 0.000542322
-8.38384 0.000568757
-8.18182 0.000597174
-7.9798 0.000627774
-7.77778 0.000660788
-7.57576 0.000696475
-7.37374 0.000735132
-7.17172 0.000777098
-6.9697 0.000822763
-6.76768 0.000872573
-6.56566 0.000927045
-6.36364 0.00098678
-6.16162 0.00105248
-5.9596 0.00112496
-5.75758 0.00120519
-5.55556 0.00129432
-5.35354 0.00139371
-5.15152 0.001505
-4.94949 0.00163016
-4.74747 0.0017716
-4.54545 0.00193226
-4.34343 0.0021158
-4.14141 0.00232676
-3.93939 0.00257089
-3.73737 0.00285552
-3.53535 0.00319012
-3.33333 0.00358709
-3.13131 0.00406293
-2.92929 0.00463996
-2.72727 0.00534901
-2.52525 0.00623354
-2.32323 0.00735645
-2.12121 0.00881146
-1.91919 0.0107432
-1.71717 0.0133838
-1.51515 0.0171256
-1.31313 0.0226717
-1.11111 0.0313832
-0.909091 0.0461656
-0.707071 0.0740811
-0.505051 0.135558
-0.30303 0.303427
-0.10101 0.796764
0.10101 0.796764
0.30303 0.303427
0.505051 0.135558
0.707071 0.0740811
0.909091 0.0461656
1.11111 0.0313832
1.31313 0.0226717
1.51515 0.0171256
1.71717 0.0133838
1.91919 0.0107432
2.12121 0.00881146
2.32323 0.00735645
2.52525 0.00623354
2.72727 0.00534901
2.92929 0.00463996
3.13131 0.00406293
3.33333 0.00358709
3.53535 0.00319012
3.73737 0.00285552
3.93939 0.00257089
4.14141 0.00232676
4.34343 0.0021158
4.54545 0.00193226
4.74747 0.0017716
4.94949 0.00163016
5.15152 0.001505
5.35354 0.00139371
5.55556 0.00129432
5.75758 0.00120519
5.9596 0.00112496
6.16162 0.00105248
6.36364 0.00098678
6.56566 0.000927045
6.76768 0.000872573
6.9697 0.000822763
7.17172 0.000777098
7.37374 0.000735132
7.57576 0.000696475
7.77778 0.000660788
7.9798 0.000627774
8.18182 0.000597174
8.38384 0.000568757
8.58586 0.000542322
8.78788 0.000517687
8.9899 0.000494693
9.19192 0.000473197
9.39394 0.000453072
9.59596 0.000434205
9.79798 0.000416491
10 0.00039984
