-15 -0.759688
-14.697 -0.531019
-14.3939 -0.25396
-14.0909 0.0462414
-13.7879 0.342229
-13.4848 0.60703
-13.1818 0.816515
-12.8788 0.951593
-12.5758 0.999956
-12.2727 0.957196
-11.9697 0.827209
-11.6667 0.621842
-11.3636 0.359808
-11.0606 0.0649859
-10.7576 -0.235758
-10.4545 -0.515018
-10.1515 -0.747346
-9.84848 -0.911571
-9.54545 -0.992727
-9.24242 -0.98342
-8.93939 -0.884496
-8.63636 -0.704971
-8.33333 -0.461204
-8.0303 -0.175409
-7.72727 0.12637
-7.42424 0.416634
-7.12121 0.668931
-6.81818 0.86027
-6.51515 0.973216
-6.21212 0.997476
-5.90909 0.930839
-5.60606 0.779377
-5.30303 0.556894
-5 0.283662
-4.69697 -0.0154187
-4.39394 -0.313094
-4.09091 -0.582239
-3.78788 -0.798326
-3.48485 -0.941664
-3.18182 -0.999191
-2.87879 -0.965665
-2.57576 -0.844141
-2.27273 -0.645693
-1.9697 -0.388406
-1.66667 -0.0957235
-1.36364 0.205681
-1.06061 0.488343
-0.757576 0.726504
-0.454545 0.898461
-0.151515 0.988544
0.151515 0.988544
0.454545 0.898461
0.757576 0.726504
1.06061 0.488343
1.36364 0.205681
1.66667 -0.0957235
1.9697 -0.388406
2.27273 -0.645693
2.57576 -0.844141
2.87879 -0.965665
3.18182 -0.999191
3.48485 -0.941664
3.78788 -0.798326
4.09091 -0.582239
4.39394 -0.313094
4.69697 -0.0154187
5 0.283662
5.30303 0.556894
5.60606 0.779377
5.90909 0.930839
6.21212 0.997476
6.51515 0.973216
6.81818 0.86027
7.12121 0.668931
7.42424 0.416634
7.72727 0.12637
8.0303 -0.175409
8.33333 -0.461204
8.63636 -0.704971
8.93939 -0.884496
9.24242 -0.98342
9.54545 -0.992727
9.84848 -0.911571
10.1515 -0.747346
10.4545 -0.515018
10.7576 -0.235758
11.0606 0.0649859
11.3636 0.359808
11.6667 0.621842
11.9697 0.827209
12.2727 0.957196
12.5758 0.999956
12.8788 0.951593
13.1818 0.816515
13.4848 0.60703
13.7879 0.342229
14.0909 0.0462414
14.3939 -0.25396
14.697 -0.531019
15 -0.759688
