-10 0.00039984
-9.79798 3.12778e+06
-9.59596 527272
-9.39394 -134235
-9.19192 -77277.3
-8.9899 -2619.52
-8.78788 9293.08
-8.58586 2772.64
-8.38384 -763.255
-8.18182 -716.934
-7.9798 -62.2724
-7.77778 134.81
-7.57576 57.7978
-7.37374 -14.4682
-7.17172 -20.4701
-6.9697 -3.13726
-6.76768 5.08472
-6.56566 2.93401
-6.36364 -0.601004
-6.16162 -1.30045
-5.9596 -0.30208
-5.75758 0.397285
-5.55556 0.300281
-5.35354 -0.0427182
-5.15152 -0.158069
-4.94949 -0.0506952
-4.74747 0.058917
-4.54545 0.0578487
-4.34343 -0.00232372
-4.14141 -0.0329671
-3.93939 -0.0130567
-3.73737 0.0174143
-3.53535 0.021759
-3.33333 0.00358709
-3.13131 -0.00983855
-2.92929 -0.00353007
-2.72727 0.01194
-2.52525 0.0174664
-2.32323 0.00842895
-2.12121 -0.00152446
-1.91919 0.00257378
-1.71717 0.0192523
-1.51515 0.0314378
-1.31313 0.0259192
-1.11111 0.0126489
-0.909091 0.0239169
-0.707071 0.0905799
-0.505051 0.213003
-0.30303 0.350826
-0.10101 0.442443
0.10101 0.442443
0.30303 0.350826
0.505051 0.213003
0.707071 0.0905799
0.909091 0.0239169
1.11111 0.0126489
1.31313 0.0259192
1.51515 0.0314378
1.71717 0.0192523
1.91919 0.00257378
2.12121 -0.00152446
2.32323 0.00842895
2.52525 0.0174664
2.72727 0.01194
2.92929 -0.00353007
3.13131 -0.00983855
3.33333 0.00358709
3.53535 0.021759
3.73737 0.0174143
3.93939 -0.0130567
4.14141 -0.0329671
4.34343 -0.00232372
4.54545 0.0578487
4.74747 0.058917
4.94949 -0.0506952
5.15152 -0.158069
5.35354 -0.0427182
5.55556 0.300281
5.75758 0.397285
5.9596 -0.30208
6.16162 -1.30045
6.36364 -0.601004
6.56566 2.93401
6.76768 5.08472
6.9697 -3.13726
7.17172 -20.4701
7.37374 -14.4682
7.57576 57.7978
7.77778 134.81
7.9798 -62.2724
8.18182 -716.934
8.38384 -763.255
8.58586 2772.64
8.78788 9293.08
8.9899 -2619.52
9.19192 -77277.3
9.39394 -134235
9.59596 527272
9.79798 3.12778e+06
10 0.000397524
