-10 10
-9.79798 9.77928
-9.59596 9.57771
-9.39394 9.38504
-9.19192 9.19454
-8.9899 9.00217
-8.78788 8.80589
-8.58586 8.6051
-8.38384 8.40014
-8.18182 8.19196
-7.9798 7.9818
-7.77778 7.77099
-7.57576 7.56076
-7.37374 7.35215
-7.17172 7.14596
-6.9697 6.94266
-6.76768 6.74244
-6.56566 6.54517
-6.36364 6.3505
-6.16162 6.15783
-5.9596 5.96642
-5.75758 5.77541
-5.55556 5.58391
-5.35354 5.391
-5.15152 5.19585
-4.94949 4.99774
-4.74747 4.79608
-4.54545 4.59048
-4.34343 4.38077
-4.14141 4.16699
-3.93939 3.94947
-3.73737 3.72874
-3.53535 3.50562
-3.33333 3.28114
-3.13131 3.05656
-2.92929 2.83334
-2.72727 2.6131
-2.52525 2.39761
-2.32323 2.18872
-2.12121 1.98837
-1.91919 1.79848
-1.71717 1.621
-1.51515 1.4578
-1.31313 1.31065
-1.11111 1.18119
-0.909091 1.07089
-0.707071 0.981052
-0.505051 0.912716
-0.30303 0.866697
-0.10101 0.843547
0.10101 0.843545
0.30303 0.86669
0.505051 0.912705
0.707071 0.981041
0.909091 1.07088
1.11111 1.18118
1.31313 1.31065
1.51515 1.45781
1.71717 1.62102
1.91919 1.79852
2.12121 1.98841
2.32323 2.18878
2.52525 2.39768
2.72727 2.61318
2.92929 2.83341
3.13131 3.05663
3.33333 3.28119
3.53535 3.50565
3.73737 3.72875
3.93939 3.94945
4.14141 4.16694
4.34343 4.38068
4.54545 4.59037
4.74747 4.79594
4.94949 4.99758
5.15152 5.19568
5.35354 5.39083
5.55556 5.58377
5.75758 5.77531
5.9596 5.96638
6.16162 6.15786
6.36364 6.35061
6.56566 6.54537
6.76768 6.74271
6.9697 6.943
7.17172 7.14632
7.37374 7.3525
7.57576 7.56104
7.77778 7.77113
7.9798 7.98175
8.18182 8.19166
8.38384 8.39956
8.58586 8.60427
8.78788 8.80494
8.9899 9.00134
9.19192 9.1943
9.39394 9.38614
9.59596 9.58129
9.79798 9.78698
10 10.0142
