0 0 7.37257e-18 0
0 0.020202 -8.67362e-19 0
0 0.040404 1.51788e-18 0
0 0.0606061 8.89046e-18 0
0 0.0808081 7.37257e-18 0
0 0.10101 6.39679e-18 0
0 0.121212 1.04354e-18 0
0 0.141414 9.81203e-18 0
0 0.161616 8.89046e-18 0
0 0.181818 -2.81893e-18 0
0 0.20202 4.33681e-19 0
0 0.222222 -3.03577e-18 0
0 0.242424 -6.93889e-18 0
0 0.262626 2.1684e-18 0
0 0.282828 1.30104e-18 0
0 0.30303 -2.1684e-19 0
0 0.323232 -7.15573e-18 0
0 0.343434 1.1601e-17 0
0 0.363636 -1.81604e-17 0
0 0.383838 -8.61941e-18 0
0 0.40404 -1.45283e-17 0
0 0.424242 -1.25767e-17 0
0 0.444444 1.21431e-17 0
0 0.464646 7.80626e-18 0
0 0.484848 -1.17094e-17 0
0 0.505051 4.77049e-18 0
0 0.525253 -1.60462e-17 0
0 0.545455 -2.1684e-18 0
0 0.565657 -2.94903e-17 0
0 0.585859 -1.6263e-17 0
0 0.606061 -1.01915e-17 0
0 0.626263 3.38813e-19 0
0 0.646465 1.02999e-17 0
0 0.666667 -6.93889e-18 0
0 0.686869 2.60209e-17 0
0 0.707071 -1.73472e-18 0
0 0.727273 -3.03577e-18 0
0 0.747475 4.77049e-18 0
0 0.767677 8.23994e-18 0
0 0.787879 1.30104e-18 0
0 0.808081 6.93889e-18 0
0 0.828283 1.19262e-17 0
0 0.848485 6.07153e-18 0
0 0.868687 3.90313e-18 0
0 0.888889 3.14419e-18 0
0 0.909091 8.13152e-18 0
0 0.929293 5.63785e-18 0
0 0.949495 3.25261e-18 0
0 0.969697 1.51788e-17 0
0.020202 0 6.07153e-18 0
0.020202 0.020202 8.28422e-06 1.0705e-11
0.020202 0.040404 3.28057e-05 5.18145e-09
0.020202 0.0606061 7.25888e-05 4.05276e-08
0.020202 0.0808081 0.000126067 1.12999e-07
0.020202 0.10101 0.000191169 2.08517e-07
0.020202 0.121212 0.00026543 3.12977e-07
0.020202 0.141414 0.000346123 4.17414e-07
0.020202 0.161616 0.000430402 5.17e-07
0.020202 0.181818 0.000515452 6.09449e-07
0.020202 0.20202 0.000598624 6.93895e-07
0.020202 0.222222 0.000677563 7.70225e-07
0.020202 0.242424 0.000750313 8.38707e-07
0.020202 0.262626 0.000815391 8.99777e-07
0.020202 0.282828 0.000871828 9.53931e-07
0.020202 0.30303 0.000919185 1.00166e-06
0.020202 0.323232 0.000957524 1.04343e-06
0.020202 0.343434 0.00098735 1.07966e-06
0.020202 0.363636 0.00100953 1.11071e-06
0.020202 0.383838 0.0010252 1.1369e-06
0.020202 0.40404 0.00103561 1.15849e-06
0.020202 0.424242 0.00104205 1.1757e-06
0.020202 0.444444 0.00104569 1.18869e-06
0.020202 0.464646 0.0010475 1.19761e-06
0.020202 0.484848 0.00104815 1.20254e-06
0.020202 0.505051 0.00104793 1.20352e-06
0.020202 0.525253 0.00104676 1.20057e-06
0.020202 0.545455 0.00104413 1.19366e-06
0.020202 0.565657 0.00103919 1.18271e-06
0.020202 0.585859 0.00103079 1.16763e-06
0.020202 0.606061 0.00101756 1.14825e-06
0.020202 0.626263 0.000998019 1.12439e-06
0.020202 0.646465 0.000970738 1.09581e-06
0.020202 0.666667 0.000934425 1.06221e-06
0.020202 0.686869 0.000888074 1.02326e-06
0.020202 0.707071 0.000831073 9.78569e-07
0.020202 0.727273 0.000763297 9.27687e-07
0.020202 0.747475 0.000685176 8.70138e-07
0.020202 0.767677 0.000597726 8.05422e-07
0.020202 0.787879 0.000502548 7.33063e-07
0.020202 0.808081 0.000401789 6.52692e-07
0.020202 0.828283 0.000298068 5.64195e-07
0.020202 0.848485 0.000194369 4.68e-07
0.020202 0.868687 9.39119e-05 3.65576e-07
0.020202 0.888889 6.23416e-18 2.60307e-07
0.020202 0.909091 -8.41384e-05 1.58874e-07
0.020202 0.929293 -0.000155511 7.2848e-08
0.020202 0.949495 -0.000211514 1.78109e-08
0.020202 0.969697 -0.000250066 6.60538e-10
0.040404 0 1.73472e-18 0
0.040404 0.020202 3.28057e-05 5.18145e-09
0.040404 0.040404 0.000129911 2.50793e-06
0.040404 0.0606061 0.000287453 1.96162e-05
0.040404 0.0808081 0.000499229 5.46941e-05
0.040404 0.10101 0.000757034 0.000100927
0.040404 0.121212 0.00105111 0.000151487
0.040404 0.141414 0.00137065 0.000202037
0.040404 0.161616 0.0017044 0.000250239
0.040404 0.181818 0.0020412 0.000294986
0.040404 0.20202 0.00237056 0.00033586
0.040404 0.222222 0.00268316 0.000372805
0.040404 0.242424 0.00297125 0.000405952
0.040404 0.262626 0.00322896 0.000435511
0.040404 0.282828 0.00345245 0.000461723
0.040404 0.30303 0.00363999 0.000484825
0.040404 0.323232 0.00379181 0.000505043
0.040404 0.343434 0.00390992 0.000522578
0.040404 0.363636 0.00399777 0.000537607
0.040404 0.383838 0.0040598 0.000550282
0.040404 0.40404 0.00410102 0.000560732
0.040404 0.424242 0.00412652 0.000569061
0.040404 0.444444 0.00414095 0.000575353
0.040404 0.464646 0.00414813 0.00057967
0.040404 0.484848 0.00415069 0.000582055
0.040404 0.505051 0.00414983 0.000582531
0.040404 0.525253 0.00414518 0.000581102
0.040404 0.545455 0.00413477 0.000577756
0.040404 0.565657 0.00411522 0.000572458
0.040404 0.585859 0.00408195 0.000565156
0.040404 0.606061 0.00402954 0.000555778
0.040404 0.626263 0.00395217 0.00054423
0.040404 0.646465 0.00384414 0.000530395
0.040404 0.666667 0.00370034 0.000514134
0.040404 0.686869 0.00351679 0.000495282
0.040404 0.707071 0.00329106 0.000473648
0.040404 0.727273 0.00302267 0.00044902
0.040404 0.747475 0.00271331 0.000421165
0.040404 0.767677 0.002367 0.000389841
0.040404 0.787879 0.0019901 0.000354818
0.040404 0.808081 0.00159109 0.000315916
0.040404 0.828283 0.00118035 0.000273082
0.040404 0.848485 0.000769705 0.000226522
0.040404 0.868687 0.000371893 0.000176946
0.040404 0.888889 -4.71628e-18 0.000125994
0.040404 0.909091 -0.000333189 7.68983e-05
0.040404 0.929293 -0.000615827 3.526e-05
0.040404 0.949495 -0.0008376 8.62087e-06
0.040404 0.969697 -0.000990266 3.19714e-07
0.0606061 0 6.93889e-18 0
0.0606061 0.020202 7.25888e-05 4.05276e-08
0.0606061 0.040404 0.000287453 1.96162e-05
0.0606061 0.0606061 0.000636044 0.000153431
0.0606061 0.0808081 0.00110464 0.000427799
0.0606061 0.10101 0.00167508 0.000789415
0.0606061 0.121212 0.00232578 0.00118488
0.0606061 0.141414 0.00303283 0.00158027
0.0606061 0.161616 0.00377131 0.00195729
0.0606061 0.181818 0.00451654 0.00230728
0.0606061 0.20202 0.00524532 0.00262698
0.0606061 0.222222 0.00593701 0.00291596
0.0606061 0.242424 0.00657447 0.00317522
0.0606061 0.262626 0.00714469 0.00340642
0.0606061 0.282828 0.00763921 0.00361144
0.0606061 0.30303 0.00805417 0.00379214
0.0606061 0.323232 0.00839011 0.00395028
0.0606061 0.343434 0.00865145 0.00408743
0.0606061 0.363636 0.00884582 0.00420498
0.0606061 0.383838 0.00898308 0.00430412
0.0606061 0.40404 0.0090743 0.00438586
0.0606061 0.424242 0.00913071 0.00445101
0.0606061 0.444444 0.00916264 0.00450022
0.0606061 0.464646 0.00917853 0.00453399
0.0606061 0.484848 0.0091842 0.00455264
0.0606061 0.505051 0.0091823 0.00455636
0.0606061 0.525253 0.009172 0.00454519
0.0606061 0.545455 0.00914897 0.00451901
0.0606061 0.565657 0.00910572 0.00447757
0.0606061 0.585859 0.0090321 0.00442046
0.0606061 0.606061 0.00891612 0.00434711
0.0606061 0.626263 0.00874493 0.00425678
0.0606061 0.646465 0.00850589 0.00414857
0.0606061 0.666667 0.00818771 0.00402138
0.0606061 0.686869 0.00778157 0.00387393
0.0606061 0.707071 0.00728211 0.00370472
0.0606061 0.727273 0.00668823 0.00351208
0.0606061 0.747475 0.00600371 0.00329421
0.0606061 0.767677 0.00523745 0.00304921
0.0606061 0.787879 0.00440347 0.00277527
0.0606061 0.808081 0.00352059 0.00247099
0.0606061 0.828283 0.00261176 0.00213596
0.0606061 0.848485 0.00170312 0.00177178
0.0606061 0.868687 0.000822884 0.00138402
0.0606061 0.888889 -1.98951e-17 0.000985483
0.0606061 0.909091 -0.000737245 0.000601473
0.0606061 0.929293 -0.00136263 0.000275792
0.0606061 0.949495 -0.00185335 6.74296e-05
0.0606061 0.969697 -0.00219115 2.5007e-06
0.0808081 0 8.0231e-18 0
0.0808081 0.020202 0.000126067 1.12999e-07
0.0808081 0.040404 0.000499229 5.46941e-05
0.0808081 0.0606061 0.00110464 0.000427799
0.0808081 0.0808081 0.00191846 0.00119279
0.0808081 0.10101 0.00290917 0.00220106
0.0808081 0.121212 0.00403925 0.0033037
0.0808081 0.141414 0.00526721 0.00440612
0.0808081 0.161616 0.00654976 0.00545733
0.0808081 0.181818 0.00784403 0.0064332
0.0808081 0.20202 0.00910972 0.00732458
0.0808081 0.222222 0.010311 0.00813031
0.0808081 0.242424 0.0114181 0.00885318
0.0808081 0.262626 0.0124084 0.00949783
0.0808081 0.282828 0.0132673 0.0100695
0.0808081 0.30303 0.0139879 0.0105733
0.0808081 0.323232 0.0145714 0.0110142
0.0808081 0.343434 0.0150253 0.0113966
0.0808081 0.363636 0.0153628 0.0117244
0.0808081 0.383838 0.0156012 0.0120008
0.0808081 0.40404 0.0157596 0.0122287
0.0808081 0.424242 0.0158576 0.0124104
0.0808081 0.444444 0.015913 0.0125476
0.0808081 0.464646 0.0159406 0.0126417
0.0808081 0.484848 0.0159505 0.0126937
0.0808081 0.505051 0.0159472 0.0127041
0.0808081 0.525253 0.0159293 0.012673
0.0808081 0.545455 0.0158893 0.0126
0.0808081 0.565657 0.0158142 0.0124844
0.0808081 0.585859 0.0156863 0.0123252
0.0808081 0.606061 0.0154849 0.0121207
0.0808081 0.626263 0.0151876 0.0118688
0.0808081 0.646465 0.0147725 0.0115671
0.0808081 0.666667 0.0142199 0.0112125
0.0808081 0.686869 0.0135145 0.0108013
0.0808081 0.707071 0.0126471 0.0103295
0.0808081 0.727273 0.0116157 0.00979244
0.0808081 0.747475 0.0104268 0.00918496
0.0808081 0.767677 0.00909605 0.00850184
0.0808081 0.787879 0.00764765 0.00773804
0.0808081 0.808081 0.00611433 0.00688965
0.0808081 0.828283 0.00453593 0.0059555
0.0808081 0.848485 0.00295786 0.00494009
0.0808081 0.868687 0.00142913 0.00385893
0.0808081 0.888889 -3.49113e-17 0.00274774
0.0808081 0.909091 -0.0012804 0.00167703
0.0808081 0.929293 -0.00236653 0.000768966
0.0808081 0.949495 -0.00321877 0.000188008
0.0808081 0.969697 -0.00380545 6.97247e-06
0.10101 0 7.37257e-18 0
0.10101 0.020202 0.000191169 2.08517e-07
0.10101 0.040404 0.000757034 0.000100927
0.10101 0.0606061 0.00167508 0.000789415
0.10101 0.0808081 0.00290917 0.00220106
0.10101 0.10101 0.00441149 0.00406159
0.10101 0.121212 0.00612515 0.0060963
0.10101 0.141414 0.00798724 0.00813058
0.10101 0.161616 0.0099321 0.0100704
0.10101 0.181818 0.0118947 0.0118711
0.10101 0.20202 0.013814 0.013516
0.10101 0.222222 0.0156357 0.0150028
0.10101 0.242424 0.0173145 0.0163367
0.10101 0.262626 0.0188162 0.0175263
0.10101 0.282828 0.0201186 0.0185811
0.10101 0.30303 0.0212114 0.0195108
0.10101 0.323232 0.0220961 0.0203245
0.10101 0.343434 0.0227844 0.0210301
0.10101 0.363636 0.0232963 0.0216349
0.10101 0.383838 0.0236578 0.022145
0.10101 0.40404 0.023898 0.0225655
0.10101 0.424242 0.0240466 0.0229007
0.10101 0.444444 0.0241307 0.0231539
0.10101 0.464646 0.0241725 0.0233277
0.10101 0.484848 0.0241875 0.0234237
0.10101 0.505051 0.0241825 0.0234428
0.10101 0.525253 0.0241553 0.0233853
0.10101 0.545455 0.0240947 0.0232506
0.10101 0.565657 0.0239808 0.0230374
0.10101 0.585859 0.0237869 0.0227436
0.10101 0.606061 0.0234815 0.0223662
0.10101 0.626263 0.0230306 0.0219015
0.10101 0.646465 0.0224011 0.0213447
0.10101 0.666667 0.0215631 0.0206903
0.10101 0.686869 0.0204935 0.0199316
0.10101 0.707071 0.0191781 0.019061
0.10101 0.727273 0.0176141 0.0180699
0.10101 0.747475 0.0158113 0.016949
0.10101 0.767677 0.0137933 0.0156884
0.10101 0.787879 0.011597 0.0142789
0.10101 0.808081 0.00927182 0.0127134
0.10101 0.828283 0.00687831 0.0109896
0.10101 0.848485 0.00448533 0.00911592
0.10101 0.868687 0.00216714 0.00712086
0.10101 0.888889 -4.12132e-17 0.00507038
0.10101 0.909091 -0.0019416 0.00309462
0.10101 0.929293 -0.00358863 0.00141897
0.10101 0.949495 -0.00488098 0.00034693
0.10101 0.969697 -0.00577061 1.28663e-05
0.121212 0 3.5101e-18 0
0.121212 0.020202 0.00026543 3.12977e-07
0.121212 0.040404 0.00105111 0.000151487
0.121212 0.0606061 0.00232578 0.00118488
0.121212 0.0808081 0.00403925 0.0033037
0.121212 0.10101 0.00612515 0.0060963
0.121212 0.121212 0.0085045 0.00915033
0.121212 0.141414 0.0110899 0.0122037
0.121212 0.161616 0.0137903 0.0151153
0.121212 0.181818 0.0165153 0.0178181
0.121212 0.20202 0.0191802 0.020287
0.121212 0.222222 0.0217094 0.0225187
0.121212 0.242424 0.0240404 0.0245208
0.121212 0.262626 0.0261255 0.0263063
0.121212 0.282828 0.0279337 0.0278896
0.121212 0.30303 0.0294511 0.029285
0.121212 0.323232 0.0306795 0.0305063
0.121212 0.343434 0.0316351 0.0315654
0.121212 0.363636 0.0323459 0.0324732
0.121212 0.383838 0.0328478 0.0332388
0.121212 0.40404 0.0331813 0.03387
0.121212 0.424242 0.0333876 0.0343732
0.121212 0.444444 0.0335043 0.0347532
0.121212 0.464646 0.0335624 0.035014
0.121212 0.484848 0.0335832 0.035158
0.121212 0.505051 0.0335763 0.0351868
0.121212 0.525253 0.0335386 0.0351005
0.121212 0.545455 0.0334544 0.0348983
0.121212 0.565657 0.0332962 0.0345783
0.121212 0.585859 0.033027 0.0341373
0.121212 0.606061 0.0326029 0.0335708
0.121212 0.626263 0.031977 0.0328733
0.121212 0.646465 0.0311029 0.0320376
0.121212 0.666667 0.0299394 0.0310554
0.121212 0.686869 0.0284543 0.0299166
0.121212 0.707071 0.0266279 0.0286099
0.121212 0.727273 0.0244564 0.0271223
0.121212 0.747475 0.0219533 0.0254398
0.121212 0.767677 0.0191514 0.0235477
0.121212 0.787879 0.0161019 0.0214322
0.121212 0.808081 0.0128735 0.0190824
0.121212 0.828283 0.00955023 0.0164951
0.121212 0.848485 0.00622767 0.0136827
0.121212 0.868687 0.00300898 0.0106882
0.121212 0.888889 -7.28076e-17 0.00761045
0.121212 0.909091 -0.00269583 0.00464491
0.121212 0.929293 -0.00498264 0.00212982
0.121212 0.949495 -0.00677701 0.000520729
0.121212 0.969697 -0.00801223 1.93118e-05
0.141414 0 5.09575e-18 0
0.141414 0.020202 0.000346123 4.17414e-07
0.141414 0.040404 0.00137065 0.000202037
0.141414 0.0606061 0.00303283 0.00158027
0.141414 0.0808081 0.00526721 0.00440612
0.141414 0.10101 0.00798724 0.00813058
0.141414 0.121212 0.0110899 0.0122037
0.141414 0.141414 0.0144613 0.0162759
0.141414 0.161616 0.0179826 0.0201591
0.141414 0.181818 0.0215361 0.0237639
0.141414 0.20202 0.0250111 0.0270566
0.141414 0.222222 0.0283092 0.0300329
0.141414 0.242424 0.0313488 0.0327032
0.141414 0.262626 0.0340678 0.0350844
0.141414 0.282828 0.0364258 0.037196
0.141414 0.30303 0.0384044 0.0390572
0.141414 0.323232 0.0400063 0.0406859
0.141414 0.343434 0.0412524 0.0420985
0.141414 0.363636 0.0421792 0.0433092
0.141414 0.383838 0.0428337 0.0443303
0.141414 0.40404 0.0432687 0.0451721
0.141414 0.424242 0.0435377 0.0458431
0.141414 0.444444 0.0436899 0.04635
0.141414 0.464646 0.0437656 0.0466978
0.141414 0.484848 0.0437927 0.0468899
0.141414 0.505051 0.0437837 0.0469282
0.141414 0.525253 0.0437345 0.0468132
0.141414 0.545455 0.0436247 0.0465435
0.141414 0.565657 0.0434185 0.0461167
0.141414 0.585859 0.0430674 0.0455285
0.141414 0.606061 0.0425144 0.044773
0.141414 0.626263 0.0416982 0.0438427
0.141414 0.646465 0.0405583 0.0427282
0.141414 0.666667 0.0390412 0.0414183
0.141414 0.686869 0.0371046 0.0398995
0.141414 0.707071 0.034723 0.0381567
0.141414 0.727273 0.0318913 0.0361727
0.141414 0.747475 0.0286273 0.0339287
0.141414 0.767677 0.0249736 0.0314053
0.141414 0.787879 0.0209969 0.0285839
0.141414 0.808081 0.0167871 0.02545
0.141414 0.828283 0.0124536 0.0219993
0.141414 0.848485 0.00812093 0.0182484
0.141414 0.868687 0.00392373 0.0142547
0.141414 0.888889 -9.87573e-17 0.01015
0.141414 0.909091 -0.00351538 0.00619487
0.141414 0.929293 -0.0064974 0.00284052
0.141414 0.949495 -0.00883727 0.000694491
0.141414 0.969697 -0.010448 2.57559e-05
0.161616 0 9.1073e-18 0
0.161616 0.020202 0.000430402 5.17e-07
0.161616 0.040404 0.0017044 0.000250239
0.161616 0.0606061 0.00377131 0.00195729
0.161616 0.0808081 0.00654976 0.00545733
0.161616 0.10101 0.0099321 0.0100704
0.161616 0.121212 0.0137903 0.0151153
0.161616 0.141414 0.0179826 0.0201591
0.161616 0.161616 0.0223613 0.0249686
0.161616 0.181818 0.02678 0.0294335
0.161616 0.20202 0.0311012 0.0335118
0.161616 0.222222 0.0352024 0.0371981
0.161616 0.242424 0.0389821 0.0405055
0.161616 0.262626 0.0423632 0.0434549
0.161616 0.282828 0.0452953 0.0460702
0.161616 0.30303 0.0477558 0.0483754
0.161616 0.323232 0.0497476 0.0503927
0.161616 0.343434 0.0512972 0.0521423
0.161616 0.363636 0.0524497 0.0536419
0.161616 0.383838 0.0532635 0.0549066
0.161616 0.40404 0.0538044 0.0559493
0.161616 0.424242 0.0541389 0.0567804
0.161616 0.444444 0.0543282 0.0574082
0.161616 0.464646 0.0544224 0.057839
0.161616 0.484848 0.0544561 0.0580769
0.161616 0.505051 0.0544448 0.0581244
0.161616 0.525253 0.0543837 0.0579819
0.161616 0.545455 0.0542472 0.0576479
0.161616 0.565657 0.0539907 0.0571193
0.161616 0.585859 0.0535542 0.0563907
0.161616 0.606061 0.0528666 0.055455
0.161616 0.626263 0.0518515 0.0543028
0.161616 0.646465 0.0504342 0.0529224
0.161616 0.666667 0.0485475 0.0512998
0.161616 0.686869 0.0461394 0.0494187
0.161616 0.707071 0.0431779 0.0472602
0.161616 0.727273 0.0396567 0.0448028
0.161616 0.747475 0.0355979 0.0420235
0.161616 0.767677 0.0310545 0.038898
0.161616 0.787879 0.0261096 0.0354034
0.161616 0.808081 0.0208747 0.0315218
0.161616 0.828283 0.015486 0.0272479
0.161616 0.848485 0.0100983 0.0226021
0.161616 0.868687 0.00487914 0.0176556
0.161616 0.888889 -1.24222e-16 0.0125716
0.161616 0.909091 -0.00437136 0.00767285
0.161616 0.929293 -0.0080795 0.00351821
0.161616 0.949495 -0.0109891 0.000860183
0.161616 0.969697 -0.012992 3.19008e-05
0.181818 0 -8.67362e-19 0
0.181818 0.020202 0.000515452 6.09449e-07
0.181818 0.040404 0.0020412 0.000294986
0.181818 0.0606061 0.00451654 0.00230728
0.181818 0.0808081 0.00784403 0.0064332
0.181818 0.10101 0.0118947 0.0118711
0.181818 0.121212 0.0165153 0.0178181
0.181818 0.141414 0.0215361 0.0237639
0.181818 0.161616 0.02678 0.0294335
0.181818 0.181818 0.0320719 0.0346967
0.181818 0.20202 0.037247 0.0395043
0.181818 0.222222 0.0421586 0.0438498
0.181818 0.242424 0.0466852 0.0477486
0.181818 0.262626 0.0507344 0.0512254
0.181818 0.282828 0.054246 0.0543084
0.181818 0.30303 0.0571926 0.0570258
0.181818 0.323232 0.059578 0.0594039
0.181818 0.343434 0.0614339 0.0614663
0.181818 0.363636 0.0628141 0.063234
0.181818 0.383838 0.0637887 0.0647249
0.181818 0.40404 0.0644365 0.065954
0.181818 0.424242 0.0648371 0.0669338
0.181818 0.444444 0.0650638 0.0676738
0.181818 0.464646 0.0651766 0.0681816
0.181818 0.484848 0.0652169 0.0684621
0.181818 0.505051 0.0652034 0.0685181
0.181818 0.525253 0.0651302 0.0683501
0.181818 0.545455 0.0649667 0.0679564
0.181818 0.565657 0.0646596 0.0673332
0.181818 0.585859 0.0641368 0.0664744
0.181818 0.606061 0.0633133 0.0653714
0.181818 0.626263 0.0620977 0.0640131
0.181818 0.646465 0.0604002 0.0623858
0.181818 0.666667 0.0581408 0.0604732
0.181818 0.686869 0.0552568 0.0582557
0.181818 0.707071 0.0517101 0.0557111
0.181818 0.727273 0.0474931 0.0528144
0.181818 0.747475 0.0426323 0.049538
0.181818 0.767677 0.0371911 0.0458537
0.181818 0.787879 0.031269 0.0417342
0.181818 0.808081 0.0249997 0.0371585
0.181818 0.828283 0.0185461 0.0321203
0.181818 0.848485 0.0120938 0.0266438
0.181818 0.868687 0.00584329 0.0208127
0.181818 0.888889 -1.53631e-16 0.0148196
0.181818 0.909091 -0.00523517 0.00904489
0.181818 0.929293 -0.00967605 0.00414733
0.181818 0.949495 -0.0131606 0.001014
0.181818 0.969697 -0.0155593 3.76052e-05
0.20202 0 3.68629e-18 0
0.20202 0.020202 0.000598624 6.93895e-07
0.20202 0.040404 0.00237056 0.00033586
0.20202 0.0606061 0.00524532 0.00262698
0.20202 0.0808081 0.00910972 0.00732458
0.20202 0.10101 0.013814 0.013516
0.20202 0.121212 0.0191802 0.020287
0.20202 0.141414 0.0250111 0.0270566
0.20202 0.161616 0.0311012 0.0335118
0.20202 0.181818 0.037247 0.0395043
0.20202 0.20202 0.043257 0.044978
0.20202 0.222222 0.0489612 0.0499257
0.20202 0.242424 0.0542182 0.0543647
0.20202 0.262626 0.0589207 0.0583232
0.20202 0.282828 0.0629989 0.0618334
0.20202 0.30303 0.066421 0.0649273
0.20202 0.323232 0.0691914 0.0676349
0.20202 0.343434 0.0713467 0.0699831
0.20202 0.363636 0.0729496 0.0719957
0.20202 0.383838 0.0740815 0.0736932
0.20202 0.40404 0.0748338 0.0750926
0.20202 0.424242 0.075299 0.0762081
0.20202 0.444444 0.0755623 0.0770507
0.20202 0.464646 0.0756933 0.0776289
0.20202 0.484848 0.0757401 0.0779482
0.20202 0.505051 0.0757245 0.078012
0.20202 0.525253 0.0756395 0.0778207
0.20202 0.545455 0.0754496 0.0773725
0.20202 0.565657 0.0750929 0.0766629
0.20202 0.585859 0.0744858 0.0756851
0.20202 0.606061 0.0735293 0.0744292
0.20202 0.626263 0.0721176 0.0728827
0.20202 0.646465 0.0701462 0.07103
0.20202 0.666667 0.0675223 0.0688523
0.20202 0.686869 0.0641729 0.0663276
0.20202 0.707071 0.060054 0.0634305
0.20202 0.727273 0.0551564 0.0601323
0.20202 0.747475 0.0495113 0.056402
0.20202 0.767677 0.0431921 0.0522071
0.20202 0.787879 0.0363145 0.0475169
0.20202 0.808081 0.0290336 0.0423072
0.20202 0.828283 0.0215386 0.0365709
0.20202 0.848485 0.0140453 0.0303356
0.20202 0.868687 0.00678614 0.0236965
0.20202 0.888889 -1.76942e-16 0.016873
0.20202 0.909091 -0.0060799 0.0102981
0.20202 0.929293 -0.0112373 0.00472198
0.20202 0.949495 -0.0152842 0.0011545
0.20202 0.969697 -0.01807 4.28158e-05
0.222222 0 4.77049e-18 0
0.222222 0.020202 0.000677563 7.70225e-07
0.222222 0.040404 0.00268316 0.000372805
0.222222 0.0606061 0.00593701 0.00291596
0.222222 0.0808081 0.010311 0.00813031
0.222222 0.10101 0.0156357 0.0150028
0.222222 0.121212 0.0217094 0.0225187
0.222222 0.141414 0.0283092 0.0300329
0.222222 0.161616 0.0352024 0.0371981
0.222222 0.181818 0.0421586 0.0438498
0.222222 0.20202 0.0489612 0.0499257
0.222222 0.222222 0.0554177 0.0554177
0.222222 0.242424 0.0613678 0.0603449
0.222222 0.262626 0.0666905 0.0647389
0.222222 0.282828 0.0713065 0.0686353
0.222222 0.30303 0.0751798 0.0720695
0.222222 0.323232 0.0783155 0.0750749
0.222222 0.343434 0.080755 0.0776814
0.222222 0.363636 0.0825693 0.0799155
0.222222 0.383838 0.0838505 0.0817997
0.222222 0.40404 0.084702 0.083353
0.222222 0.424242 0.0852286 0.0845912
0.222222 0.444444 0.0855265 0.0855265
0.222222 0.464646 0.0856748 0.0861683
0.222222 0.484848 0.0857278 0.0865228
0.222222 0.505051 0.0857101 0.0865935
0.222222 0.525253 0.0856139 0.0863811
0.222222 0.545455 0.085399 0.0858836
0.222222 0.565657 0.0849952 0.0850961
0.222222 0.585859 0.084308 0.0840107
0.222222 0.606061 0.0832255 0.0826167
0.222222 0.626263 0.0816276 0.0809
0.222222 0.646465 0.0793963 0.0788435
0.222222 0.666667 0.0764263 0.0764263
0.222222 0.686869 0.0726353 0.0736239
0.222222 0.707071 0.0679731 0.070408
0.222222 0.727273 0.0624298 0.066747
0.222222 0.747475 0.0560403 0.0626064
0.222222 0.767677 0.0488878 0.0579501
0.222222 0.787879 0.0411032 0.0527439
0.222222 0.808081 0.0328622 0.0469611
0.222222 0.828283 0.0243789 0.0405938
0.222222 0.848485 0.0158974 0.0336726
0.222222 0.868687 0.00768102 0.0263032
0.222222 0.888889 -2.00306e-16 0.0187291
0.222222 0.909091 -0.00688164 0.011431
0.222222 0.929293 -0.0127192 0.00524141
0.222222 0.949495 -0.0172997 0.0012815
0.222222 0.969697 -0.0204528 4.75256e-05
0.242424 0 -4.33681e-19 0
0.242424 0.020202 0.000750313 8.38707e-07
0.242424 0.040404 0.00297125 0.000405952
0.242424 0.0606061 0.00657447 0.00317522
0.242424 0.0808081 0.0114181 0.00885318
0.242424 0.10101 0.0173145 0.0163367
0.242424 0.121212 0.0240404 0.0245208
0.242424 0.141414 0.0313488 0.0327032
0.242424 0.161616 0.0389821 0.0405055
0.242424 0.181818 0.0466852 0.0477486
0.242424 0.20202 0.0542182 0.0543647
0.242424 0.222222 0.0613678 0.0603449
0.242424 0.242424 0.0679569 0.0657103
0.242424 0.262626 0.073851 0.070495
0.242424 0.282828 0.0789627 0.0747377
0.242424 0.30303 0.0832519 0.0784773
0.242424 0.323232 0.0867243 0.0817499
0.242424 0.343434 0.0894257 0.0845882
0.242424 0.363636 0.0914348 0.0870209
0.242424 0.383838 0.0928535 0.0890726
0.242424 0.40404 0.0937964 0.0907641
0.242424 0.424242 0.0943796 0.0921124
0.242424 0.444444 0.0947095 0.0931308
0.242424 0.464646 0.0948737 0.0938296
0.242424 0.484848 0.0949324 0.0942156
0.242424 0.505051 0.0949128 0.0942926
0.242424 0.525253 0.0948063 0.0940614
0.242424 0.545455 0.0945683 0.0935197
0.242424 0.565657 0.0941212 0.0926621
0.242424 0.585859 0.0933602 0.0914802
0.242424 0.606061 0.0921614 0.0899622
0.242424 0.626263 0.0903919 0.088093
0.242424 0.646465 0.0879211 0.0858536
0.242424 0.666667 0.0846322 0.0832215
0.242424 0.686869 0.0804341 0.0801699
0.242424 0.707071 0.0752714 0.0766681
0.242424 0.727273 0.0691329 0.0726816
0.242424 0.747475 0.0620573 0.0681728
0.242424 0.767677 0.0541369 0.0631025
0.242424 0.787879 0.0455165 0.0574334
0.242424 0.808081 0.0363906 0.0511365
0.242424 0.828283 0.0269964 0.044203
0.242424 0.848485 0.0176043 0.0366665
0.242424 0.868687 0.00850573 0.0286418
0.242424 0.888889 -2.25894e-16 0.0203943
0.242424 0.909091 -0.00762053 0.0124473
0.242424 0.929293 -0.0140849 0.00570743
0.242424 0.949495 -0.0191571 0.00139544
0.242424 0.969697 -0.0226488 5.17512e-05
0.262626 0 -1.73472e-18 0
0.262626 0.020202 0.000815391 8.99777e-07
0.262626 0.040404 0.00322896 0.000435511
0.262626 0.0606061 0.00714469 0.00340642
0.262626 0.0808081 0.0124084 0.00949783
0.262626 0.10101 0.0188162 0.0175263
0.262626 0.121212 0.0261255 0.0263063
0.262626 0.141414 0.0340678 0.0350844
0.262626 0.161616 0.0423632 0.0434549
0.262626 0.181818 0.0507344 0.0512254
0.262626 0.20202 0.0589207 0.0583232
0.262626 0.222222 0.0666905 0.0647389
0.262626 0.242424 0.073851 0.070495
0.262626 0.262626 0.0802564 0.075628
0.262626 0.282828 0.0858113 0.0801797
0.262626 0.30303 0.0904726 0.0841916
0.262626 0.323232 0.0942461 0.0877025
0.262626 0.343434 0.0971819 0.0907475
0.262626 0.363636 0.0993652 0.0933573
0.262626 0.383838 0.100907 0.0955584
0.262626 0.40404 0.101932 0.0973731
0.262626 0.424242 0.102565 0.0988195
0.262626 0.444444 0.102924 0.0999121
0.262626 0.464646 0.103102 0.100662
0.262626 0.484848 0.103166 0.101076
0.262626 0.505051 0.103145 0.101159
0.262626 0.525253 0.103029 0.10091
0.262626 0.545455 0.10277 0.100329
0.262626 0.565657 0.102285 0.0994093
0.262626 0.585859 0.101458 0.0981413
0.262626 0.606061 0.100155 0.0965128
0.262626 0.626263 0.0982319 0.0945074
0.262626 0.646465 0.0955467 0.092105
0.262626 0.666667 0.0919726 0.0892812
0.262626 0.686869 0.0874104 0.0860074
0.262626 0.707071 0.0818 0.0822507
0.262626 0.727273 0.075129 0.0779739
0.262626 0.747475 0.0674398 0.0731368
0.262626 0.767677 0.0588323 0.0676973
0.262626 0.787879 0.0494643 0.0616154
0.262626 0.808081 0.0395469 0.05486
0.262626 0.828283 0.0293379 0.0474217
0.262626 0.848485 0.0191312 0.0393363
0.262626 0.868687 0.00924346 0.0307274
0.262626 0.888889 -2.45409e-16 0.0218793
0.262626 0.909091 -0.00828148 0.0133537
0.262626 0.929293 -0.0153065 0.00612302
0.262626 0.949495 -0.0208187 0.00149705
0.262626 0.969697 -0.0246132 5.55195e-05
0.282828 0 8.67362e-19 0
0.282828 0.020202 0.000871828 9.53931e-07
0.282828 0.040404 0.00345245 0.000461723
0.282828 0.0606061 0.00763921 0.00361144
0.282828 0.0808081 0.0132673 0.0100695
0.282828 0.10101 0.0201186 0.0185811
0.282828 0.121212 0.0279337 0.0278896
0.282828 0.141414 0.0364258 0.037196
0.282828 0.161616 0.0452953 0.0460702
0.282828 0.181818 0.054246 0.0543084
0.282828 0.20202 0.0629989 0.0618334
0.282828 0.222222 0.0713065 0.0686353
0.282828 0.242424 0.0789627 0.0747377
0.282828 0.262626 0.0858113 0.0801797
0.282828 0.282828 0.0917508 0.0850054
0.282828 0.30303 0.0967347 0.0892588
0.282828 0.323232 0.100769 0.092981
0.282828 0.343434 0.103908 0.0962092
0.282828 0.363636 0.106243 0.0989761
0.282828 0.383838 0.107891 0.10131
0.282828 0.40404 0.108987 0.103234
0.282828 0.424242 0.109664 0.104767
0.282828 0.444444 0.110048 0.105925
0.282828 0.464646 0.110239 0.10672
0.282828 0.484848 0.110307 0.107159
0.282828 0.505051 0.110284 0.107247
0.282828 0.525253 0.11016 0.106984
0.282828 0.545455 0.109884 0.106368
0.282828 0.565657 0.109364 0.105392
0.282828 0.585859 0.10848 0.104048
0.282828 0.606061 0.107087 0.102321
0.282828 0.626263 0.105031 0.100195
0.282828 0.646465 0.10216 0.0976484
0.282828 0.666667 0.0983385 0.0946547
0.282828 0.686869 0.0934606 0.0911838
0.282828 0.707071 0.0874618 0.087201
0.282828 0.727273 0.0803291 0.0826668
0.282828 0.747475 0.0721076 0.0775386
0.282828 0.767677 0.0629044 0.0717717
0.282828 0.787879 0.0528879 0.0653238
0.282828 0.808081 0.0422841 0.0581618
0.282828 0.828283 0.0313685 0.0502758
0.282828 0.848485 0.0204553 0.0417038
0.282828 0.868687 0.00988325 0.0325767
0.282828 0.888889 -2.58149e-16 0.0231961
0.282828 0.909091 -0.00885468 0.0141574
0.282828 0.929293 -0.0163659 0.00649154
0.282828 0.949495 -0.0222597 0.00158715
0.282828 0.969697 -0.0263168 5.8861e-05
0.30303 0 -4.55365e-18 0
0.30303 0.020202 0.000919185 1.00166e-06
0.30303 0.040404 0.00363999 0.000484825
0.30303 0.0606061 0.00805417 0.00379214
0.30303 0.0808081 0.0139879 0.0105733
0.30303 0.10101 0.0212114 0.0195108
0.30303 0.121212 0.0294511 0.029285
0.30303 0.141414 0.0384044 0.0390572
0.30303 0.161616 0.0477558 0.0483754
0.30303 0.181818 0.0571926 0.0570258
0.30303 0.20202 0.066421 0.0649273
0.30303 0.222222 0.0751798 0.0720695
0.30303 0.242424 0.0832519 0.0784773
0.30303 0.262626 0.0904726 0.0841916
0.30303 0.282828 0.0967347 0.0892588
0.30303 0.30303 0.101989 0.0937249
0.30303 0.323232 0.106243 0.0976334
0.30303 0.343434 0.109553 0.101023
0.30303 0.363636 0.112014 0.103928
0.30303 0.383838 0.113752 0.106379
0.30303 0.40404 0.114907 0.108399
0.30303 0.424242 0.115621 0.110009
0.30303 0.444444 0.116026 0.111225
0.30303 0.464646 0.116227 0.11206
0.30303 0.484848 0.116299 0.112521
0.30303 0.505051 0.116275 0.112613
0.30303 0.525253 0.116144 0.112337
0.30303 0.545455 0.115853 0.11169
0.30303 0.565657 0.115305 0.110666
0.30303 0.585859 0.114373 0.109254
0.30303 0.606061 0.112904 0.107441
0.30303 0.626263 0.110736 0.105209
0.30303 0.646465 0.107709 0.102534
0.30303 0.666667 0.10368 0.0993908
0.30303 0.686869 0.0985373 0.0957463
0.30303 0.707071 0.0922127 0.0915642
0.30303 0.727273 0.0846925 0.0868032
0.30303 0.747475 0.0760245 0.0814183
0.30303 0.767677 0.0663214 0.0753629
0.30303 0.787879 0.0557608 0.0685923
0.30303 0.808081 0.044581 0.061072
0.30303 0.828283 0.0330725 0.0527914
0.30303 0.848485 0.0215665 0.0437905
0.30303 0.868687 0.0104201 0.0342067
0.30303 0.888889 -2.75821e-16 0.0243568
0.30303 0.909091 -0.00933567 0.0148657
0.30303 0.929293 -0.0172549 0.00681635
0.30303 0.949495 -0.0234688 0.00166656
0.30303 0.969697 -0.0277464 6.18061e-05
0.323232 0 4.55365e-18 0
0.323232 0.020202 0.000957524 1.04343e-06
0.323232 0.040404 0.00379181 0.000505043
0.323232 0.0606061 0.00839011 0.00395028
0.323232 0.0808081 0.0145714 0.0110142
0.323232 0.10101 0.0220961 0.0203245
0.323232 0.121212 0.0306795 0.0305063
0.323232 0.141414 0.0400063 0.0406859
0.323232 0.161616 0.0497476 0.0503927
0.323232 0.181818 0.059578 0.0594039
0.323232 0.20202 0.0691914 0.0676349
0.323232 0.222222 0.0783155 0.0750749
0.323232 0.242424 0.0867243 0.0817499
0.323232 0.262626 0.0942461 0.0877025
0.323232 0.282828 0.100769 0.092981
0.323232 0.30303 0.106243 0.0976334
0.323232 0.323232 0.110675 0.101705
0.323232 0.343434 0.114122 0.105236
0.323232 0.363636 0.116686 0.108262
0.323232 0.383838 0.118496 0.110815
0.323232 0.40404 0.1197 0.112919
0.323232 0.424242 0.120444 0.114597
0.323232 0.444444 0.120865 0.115864
0.323232 0.464646 0.121075 0.116733
0.323232 0.484848 0.121149 0.117213
0.323232 0.505051 0.121124 0.117309
0.323232 0.525253 0.120988 0.117021
0.323232 0.545455 0.120685 0.116348
0.323232 0.565657 0.120114 0.115281
0.323232 0.585859 0.119143 0.11381
0.323232 0.606061 0.117613 0.111922
0.323232 0.626263 0.115355 0.109596
0.323232 0.646465 0.112202 0.10681
0.323232 0.666667 0.108005 0.103536
0.323232 0.686869 0.102647 0.099739
0.323232 0.707071 0.0960588 0.0953825
0.323232 0.727273 0.088225 0.090423
0.323232 0.747475 0.0791954 0.0848136
0.323232 0.767677 0.0690876 0.0785056
0.323232 0.787879 0.0580865 0.0714527
0.323232 0.808081 0.0464404 0.0636187
0.323232 0.828283 0.0344519 0.0549928
0.323232 0.848485 0.022466 0.0456166
0.323232 0.868687 0.0108547 0.0356332
0.323232 0.888889 -2.84305e-16 0.0253725
0.323232 0.909091 -0.00972505 0.0154857
0.323232 0.929293 -0.0179746 0.0071006
0.323232 0.949495 -0.0244477 0.00173606
0.323232 0.969697 -0.0289037 6.43835e-05
0.343434 0 -5.09575e-18 0
0.343434 0.020202 0.00098735 1.07966e-06
0.343434 0.040404 0.00390992 0.000522578
0.343434 0.0606061 0.00865145 0.00408743
0.343434 0.0808081 0.0150253 0.0113966
0.343434 0.10101 0.0227844 0.0210301
0.343434 0.121212 0.0316351 0.0315654
0.343434 0.141414 0.0412524 0.0420985
0.343434 0.161616 0.0512972 0.0521423
0.343434 0.181818 0.0614339 0.0614663
0.343434 0.20202 0.0713467 0.0699831
0.343434 0.222222 0.080755 0.0776814
0.343434 0.242424 0.0894257 0.0845882
0.343434 0.262626 0.0971819 0.0907475
0.343434 0.282828 0.103908 0.0962092
0.343434 0.30303 0.109553 0.101023
0.343434 0.323232 0.114122 0.105236
0.343434 0.343434 0.117677 0.10889
0.343434 0.363636 0.120321 0.112021
0.343434 0.383838 0.122188 0.114662
0.343434 0.40404 0.123428 0.11684
0.343434 0.424242 0.124196 0.118575
0.343434 0.444444 0.12463 0.119886
0.343434 0.464646 0.124846 0.120786
0.343434 0.484848 0.124923 0.121283
0.343434 0.505051 0.124897 0.121382
0.343434 0.525253 0.124757 0.121084
0.343434 0.545455 0.124444 0.120387
0.343434 0.565657 0.123856 0.119283
0.343434 0.585859 0.122854 0.117762
0.343434 0.606061 0.121277 0.115808
0.343434 0.626263 0.118948 0.113401
0.343434 0.646465 0.115697 0.110519
0.343434 0.666667 0.111369 0.10713
0.343434 0.686869 0.105845 0.103202
0.343434 0.707071 0.099051 0.0986941
0.343434 0.727273 0.0909731 0.0935624
0.343434 0.747475 0.0816623 0.0877582
0.343434 0.767677 0.0712396 0.0812312
0.343434 0.787879 0.0598959 0.0739335
0.343434 0.808081 0.047887 0.0658275
0.343434 0.828283 0.0355251 0.0569022
0.343434 0.848485 0.0231658 0.0472004
0.343434 0.868687 0.0111928 0.0368704
0.343434 0.888889 -3.01246e-16 0.0262534
0.343434 0.909091 -0.010028 0.0160233
0.343434 0.929293 -0.0185345 0.00734712
0.343434 0.949495 -0.0252092 0.00179633
0.343434 0.969697 -0.029804 6.66189e-05
0.363636 0 3.46945e-18 0
0.363636 0.020202 0.00100953 1.11071e-06
0.363636 0.040404 0.00399777 0.000537607
0.363636 0.0606061 0.00884582 0.00420498
0.363636 0.0808081 0.0153628 0.0117244
0.363636 0.10101 0.0232963 0.0216349
0.363636 0.121212 0.0323459 0.0324732
0.363636 0.141414 0.0421792 0.0433092
0.363636 0.161616 0.0524497 0.0536419
0.363636 0.181818 0.0628141 0.063234
0.363636 0.20202 0.0729496 0.0719957
0.363636 0.222222 0.0825693 0.0799155
0.363636 0.242424 0.0914348 0.0870209
0.363636 0.262626 0.0993652 0.0933573
0.363636 0.282828 0.106243 0.0989761
0.363636 0.30303 0.112014 0.103928
0.363636 0.323232 0.116686 0.108262
0.363636 0.343434 0.120321 0.112021
0.363636 0.363636 0.123024 0.115243
0.363636 0.383838 0.124933 0.11796
0.363636 0.40404 0.126201 0.1202
0.363636 0.424242 0.126986 0.121985
0.363636 0.444444 0.12743 0.123334
0.363636 0.464646 0.127651 0.12426
0.363636 0.484848 0.12773 0.124771
0.363636 0.505051 0.127703 0.124873
0.363636 0.525253 0.12756 0.124567
0.363636 0.545455 0.12724 0.123849
0.363636 0.565657 0.126638 0.122714
0.363636 0.585859 0.125614 0.121148
0.363636 0.606061 0.124001 0.119138
0.363636 0.626263 0.121621 0.116663
0.363636 0.646465 0.118296 0.113697
0.363636 0.666667 0.113871 0.110211
0.363636 0.686869 0.108223 0.10617
0.363636 0.707071 0.101276 0.101532
0.363636 0.727273 0.093017 0.0962531
0.363636 0.747475 0.083497 0.0902821
0.363636 0.767677 0.0728401 0.0835674
0.363636 0.787879 0.0612416 0.0760597
0.363636 0.808081 0.0489629 0.0677207
0.363636 0.828283 0.0363232 0.0585386
0.363636 0.848485 0.0236862 0.0485578
0.363636 0.868687 0.0114443 0.0379307
0.363636 0.888889 -3.03671e-16 0.0270084
0.363636 0.909091 -0.0102533 0.0164841
0.363636 0.929293 -0.0189509 0.00755842
0.363636 0.949495 -0.0257756 0.00184799
0.363636 0.969697 -0.0304736 6.85347e-05
0.383838 0 2.79182e-18 0
0.383838 0.020202 0.0010252 1.1369e-06
0.383838 0.040404 0.0040598 0.000550282
0.383838 0.0606061 0.00898308 0.00430412
0.383838 0.0808081 0.0156012 0.0120008
0.383838 0.10101 0.0236578 0.022145
0.383838 0.121212 0.0328478 0.0332388
0.383838 0.141414 0.0428337 0.0443303
0.383838 0.161616 0.0532635 0.0549066
0.383838 0.181818 0.0637887 0.0647249
0.383838 0.20202 0.0740815 0.0736932
0.383838 0.222222 0.0838505 0.0817997
0.383838 0.242424 0.0928535 0.0890726
0.383838 0.262626 0.100907 0.0955584
0.383838 0.282828 0.107891 0.10131
0.383838 0.30303 0.113752 0.106379
0.383838 0.323232 0.118496 0.110815
0.383838 0.343434 0.122188 0.114662
0.383838 0.363636 0.124933 0.11796
0.383838 0.383838 0.126871 0.120741
0.383838 0.40404 0.128159 0.123034
0.383838 0.424242 0.128956 0.124862
0.383838 0.444444 0.129407 0.126242
0.383838 0.464646 0.129632 0.127189
0.383838 0.484848 0.129712 0.127713
0.383838 0.505051 0.129685 0.127817
0.383838 0.525253 0.129539 0.127504
0.383838 0.545455 0.129214 0.126769
0.383838 0.565657 0.128603 0.125607
0.383838 0.585859 0.127563 0.124005
0.383838 0.606061 0.125926 0.121947
0.383838 0.626263 0.123508 0.119413
0.383838 0.646465 0.120132 0.116378
0.383838 0.666667 0.115638 0.11281
0.383838 0.686869 0.109902 0.108673
0.383838 0.707071 0.102848 0.103926
0.383838 0.727273 0.0944603 0.0985225
0.383838 0.747475 0.0847925 0.0924107
0.383838 0.767677 0.0739703 0.0855377
0.383838 0.787879 0.0621918 0.077853
0.383838 0.808081 0.0497226 0.0693173
0.383838 0.828283 0.0368868 0.0599188
0.383838 0.848485 0.0240538 0.0497027
0.383838 0.868687 0.0116219 0.038825
0.383838 0.888889 -3.02885e-16 0.0276452
0.383838 0.909091 -0.0104124 0.0168728
0.383838 0.929293 -0.019245 0.00773663
0.383838 0.949495 -0.0261755 0.00189156
0.383838 0.969697 -0.0309464 7.01506e-05
0.40404 0 -4.55365e-18 0
0.40404 0.020202 0.00103561 1.15849e-06
0.40404 0.040404 0.00410102 0.000560732
0.40404 0.0606061 0.0090743 0.00438586
0.40404 0.0808081 0.0157596 0.0122287
0.40404 0.10101 0.023898 0.0225655
0.40404 0.121212 0.0331813 0.03387
0.40404 0.141414 0.0432687 0.0451721
0.40404 0.161616 0.0538044 0.0559493
0.40404 0.181818 0.0644365 0.065954
0.40404 0.20202 0.0748338 0.0750926
0.40404 0.222222 0.084702 0.083353
0.40404 0.242424 0.0937964 0.0907641
0.40404 0.262626 0.101932 0.0973731
0.40404 0.282828 0.108987 0.103234
0.40404 0.30303 0.114907 0.108399
0.40404 0.323232 0.1197 0.112919
0.40404 0.343434 0.123428 0.11684
0.40404 0.363636 0.126201 0.1202
0.40404 0.383838 0.128159 0.123034
0.40404 0.40404 0.129461 0.12537
0.40404 0.424242 0.130266 0.127233
0.40404 0.444444 0.130721 0.128639
0.40404 0.464646 0.130948 0.129605
0.40404 0.484848 0.131029 0.130138
0.40404 0.505051 0.131002 0.130244
0.40404 0.525253 0.130855 0.129925
0.40404 0.545455 0.130526 0.129177
0.40404 0.565657 0.129909 0.127992
0.40404 0.585859 0.128859 0.12636
0.40404 0.606061 0.127204 0.124263
0.40404 0.626263 0.124762 0.121681
0.40404 0.646465 0.121352 0.118588
0.40404 0.666667 0.116812 0.114952
0.40404 0.686869 0.111018 0.110737
0.40404 0.707071 0.103892 0.1059
0.40404 0.727273 0.0954195 0.100393
0.40404 0.747475 0.0856536 0.0941655
0.40404 0.767677 0.0747215 0.087162
0.40404 0.787879 0.0628233 0.0793314
0.40404 0.808081 0.0502275 0.0706337
0.40404 0.828283 0.0372614 0.0610567
0.40404 0.848485 0.024298 0.0506465
0.40404 0.868687 0.0117399 0.0395623
0.40404 0.888889 -3.05366e-16 0.0281702
0.40404 0.909091 -0.0105181 0.0171932
0.40404 0.929293 -0.0194404 0.00788355
0.40404 0.949495 -0.0264413 0.00192748
0.40404 0.969697 -0.0312607 7.14828e-05
0.424242 0 -8.67362e-18 0
0.424242 0.020202 0.00104205 1.1757e-06
0.424242 0.040404 0.00412652 0.000569061
0.424242 0.0606061 0.00913071 0.00445101
0.424242 0.0808081 0.0158576 0.0124104
0.424242 0.10101 0.0240466 0.0229007
0.424242 0.121212 0.0333876 0.0343732
0.424242 0.141414 0.0435377 0.0458431
0.424242 0.161616 0.0541389 0.0567804
0.424242 0.181818 0.0648371 0.0669338
0.424242 0.20202 0.075299 0.0762081
0.424242 0.222222 0.0852286 0.0845912
0.424242 0.242424 0.0943796 0.0921124
0.424242 0.262626 0.102565 0.0988195
0.424242 0.282828 0.109664 0.104767
0.424242 0.30303 0.115621 0.110009
0.424242 0.323232 0.120444 0.114597
0.424242 0.343434 0.124196 0.118575
0.424242 0.363636 0.126986 0.121985
0.424242 0.383838 0.128956 0.124862
0.424242 0.40404 0.130266 0.127233
0.424242 0.424242 0.131076 0.129123
0.424242 0.444444 0.131534 0.13055
0.424242 0.464646 0.131762 0.13153
0.424242 0.484848 0.131844 0.132071
0.424242 0.505051 0.131816 0.132179
0.424242 0.525253 0.131668 0.131855
0.424242 0.545455 0.131338 0.131095
0.424242 0.565657 0.130717 0.129893
0.424242 0.585859 0.12966 0.128237
0.424242 0.606061 0.127995 0.126109
0.424242 0.626263 0.125538 0.123488
0.424242 0.646465 0.122106 0.120349
0.424242 0.666667 0.117538 0.116659
0.424242 0.686869 0.111708 0.112382
0.424242 0.707071 0.104538 0.107473
0.424242 0.727273 0.0960127 0.101885
0.424242 0.747475 0.0861861 0.0955643
0.424242 0.767677 0.0751861 0.0884568
0.424242 0.787879 0.0632139 0.0805099
0.424242 0.808081 0.0505398 0.0716829
0.424242 0.828283 0.037493 0.0619636
0.424242 0.848485 0.0244491 0.0513989
0.424242 0.868687 0.0118129 0.04015
0.424242 0.888889 -3.08618e-16 0.0285886
0.424242 0.909091 -0.0105835 0.0174486
0.424242 0.929293 -0.0195613 0.00800065
0.424242 0.949495 -0.0266057 0.00195612
0.424242 0.969697 -0.031455 7.25446e-05
0.444444 0 -1.10589e-17 0
0.444444 0.020202 0.00104569 1.18869e-06
0.444444 0.040404 0.00414095 0.000575353
0.444444 0.0606061 0.00916264 0.00450022
0.444444 0.0808081 0.015913 0.0125476
0.444444 0.10101 0.0241307 0.0231539
0.444444 0.121212 0.0335043 0.0347532
0.444444 0.141414 0.0436899 0.04635
0.444444 0.161616 0.0543282 0.0574082
0.444444 0.181818 0.0650638 0.0676738
0.444444 0.20202 0.0755623 0.0770507
0.444444 0.222222 0.0855265 0.0855265
0.444444 0.242424 0.0947095 0.0931308
0.444444 0.262626 0.102924 0.0999121
0.444444 0.282828 0.110048 0.105925
0.444444 0.30303 0.116026 0.111225
0.444444 0.323232 0.120865 0.115864
0.444444 0.343434 0.12463 0.119886
0.444444 0.363636 0.12743 0.123334
0.444444 0.383838 0.129407 0.126242
0.444444 0.40404 0.130721 0.128639
0.444444 0.424242 0.131534 0.13055
0.444444 0.444444 0.131994 0.131994
0.444444 0.464646 0.132223 0.132984
0.444444 0.484848 0.132304 0.133531
0.444444 0.505051 0.132277 0.13364
0.444444 0.525253 0.132129 0.133313
0.444444 0.545455 0.131797 0.132545
0.444444 0.565657 0.131174 0.13133
0.444444 0.585859 0.130113 0.129654
0.444444 0.606061 0.128443 0.127503
0.444444 0.626263 0.125977 0.124854
0.444444 0.646465 0.122533 0.12168
0.444444 0.666667 0.117949 0.117949
0.444444 0.686869 0.112099 0.113624
0.444444 0.707071 0.104904 0.108661
0.444444 0.727273 0.0963484 0.103011
0.444444 0.747475 0.0864874 0.096621
0.444444 0.767677 0.0754489 0.0894349
0.444444 0.787879 0.0634349 0.0814001
0.444444 0.808081 0.0507165 0.0724755
0.444444 0.828283 0.0376241 0.0626487
0.444444 0.848485 0.0245346 0.0519672
0.444444 0.868687 0.0118542 0.0405939
0.444444 0.888889 -3.12467e-16 0.0289047
0.444444 0.909091 -0.0106205 0.0176415
0.444444 0.929293 -0.0196296 0.00808911
0.444444 0.949495 -0.0266987 0.00197775
0.444444 0.969697 -0.031565 7.33467e-05
0.464646 0 -6.07153e-18 0
0.464646 0.020202 0.0010475 1.19761e-06
0.464646 0.040404 0.00414813 0.00057967
0.464646 0.0606061 0.00917853 0.00453399
0.464646 0.0808081 0.0159406 0.0126417
0.464646 0.10101 0.0241725 0.0233277
0.464646 0.121212 0.0335624 0.035014
0.464646 0.141414 0.0437656 0.0466978
0.464646 0.161616 0.0544224 0.057839
0.464646 0.181818 0.0651766 0.0681816
0.464646 0.20202 0.0756933 0.0776289
0.464646 0.222222 0.0856748 0.0861683
0.464646 0.242424 0.0948737 0.0938296
0.464646 0.262626 0.103102 0.100662
0.464646 0.282828 0.110239 0.10672
0.464646 0.30303 0.116227 0.11206
0.464646 0.323232 0.121075 0.116733
0.464646 0.343434 0.124846 0.120786
0.464646 0.363636 0.127651 0.12426
0.464646 0.383838 0.129632 0.127189
0.464646 0.40404 0.130948 0.129605
0.464646 0.424242 0.131762 0.13153
0.464646 0.444444 0.132223 0.132984
0.464646 0.464646 0.132452 0.133982
0.464646 0.484848 0.132534 0.134533
0.464646 0.505051 0.132506 0.134643
0.464646 0.525253 0.132358 0.134313
0.464646 0.545455 0.132025 0.13354
0.464646 0.565657 0.131401 0.132315
0.464646 0.585859 0.130339 0.130627
0.464646 0.606061 0.128665 0.12846
0.464646 0.626263 0.126195 0.125791
0.464646 0.646465 0.122745 0.122593
0.464646 0.666667 0.118154 0.118834
0.464646 0.686869 0.112293 0.114477
0.464646 0.707071 0.105085 0.109477
0.464646 0.727273 0.0965155 0.103784
0.464646 0.747475 0.0866374 0.097346
0.464646 0.767677 0.0755797 0.0901059
0.464646 0.787879 0.0635449 0.0820108
0.464646 0.808081 0.0508044 0.0730193
0.464646 0.828283 0.0376894 0.0631188
0.464646 0.848485 0.0245771 0.0523571
0.464646 0.868687 0.0118747 0.0408985
0.464646 0.888889 -3.10678e-16 0.0291216
0.464646 0.909091 -0.0106389 0.0177739
0.464646 0.929293 -0.0196637 0.00814981
0.464646 0.949495 -0.026745 0.00199259
0.464646 0.969697 -0.0316197 7.38971e-05
0.484848 0 -8.23994e-18 0
0.484848 0.020202 0.00104815 1.20254e-06
0.484848 0.040404 0.00415069 0.000582055
0.484848 0.0606061 0.0091842 0.00455264
0.484848 0.0808081 0.0159505 0.0126937
0.484848 0.10101 0.0241875 0.0234237
0.484848 0.121212 0.0335832 0.035158
0.484848 0.141414 0.0437927 0.0468899
0.484848 0.161616 0.0544561 0.0580769
0.484848 0.181818 0.0652169 0.0684621
0.484848 0.20202 0.0757401 0.0779482
0.484848 0.222222 0.0857278 0.0865228
0.484848 0.242424 0.0949324 0.0942156
0.484848 0.262626 0.103166 0.101076
0.484848 0.282828 0.110307 0.107159
0.484848 0.30303 0.116299 0.112521
0.484848 0.323232 0.121149 0.117213
0.484848 0.343434 0.124923 0.121283
0.484848 0.363636 0.12773 0.124771
0.484848 0.383838 0.129712 0.127713
0.484848 0.40404 0.131029 0.130138
0.484848 0.424242 0.131844 0.132071
0.484848 0.444444 0.132304 0.133531
0.484848 0.464646 0.132534 0.134533
0.484848 0.484848 0.132616 0.135087
0.484848 0.505051 0.132588 0.135197
0.484848 0.525253 0.13244 0.134866
0.484848 0.545455 0.132107 0.134089
0.484848 0.565657 0.131483 0.132859
0.484848 0.585859 0.13042 0.131165
0.484848 0.606061 0.128745 0.128988
0.484848 0.626263 0.126273 0.126308
0.484848 0.646465 0.122821 0.123097
0.484848 0.666667 0.118227 0.119323
0.484848 0.686869 0.112362 0.114948
0.484848 0.707071 0.10515 0.109927
0.484848 0.727273 0.0965752 0.104211
0.484848 0.747475 0.086691 0.0977464
0.484848 0.767677 0.0756265 0.0904766
0.484848 0.787879 0.0635842 0.0823482
0.484848 0.808081 0.0508358 0.0733197
0.484848 0.828283 0.0377127 0.0633785
0.484848 0.848485 0.0245923 0.0525725
0.484848 0.868687 0.0118821 0.0410668
0.484848 0.888889 -3.06016e-16 0.0292414
0.484848 0.909091 -0.0106455 0.017847
0.484848 0.929293 -0.0196758 0.00818334
0.484848 0.949495 -0.0267616 0.00200078
0.484848 0.969697 -0.0316393 7.42011e-05
0.505051 0 -5.20417e-18 0
0.505051 0.020202 0.00104793 1.20352e-06
0.505051 0.040404 0.00414983 0.000582531
0.505051 0.0606061 0.0091823 0.00455636
0.505051 0.0808081 0.0159472 0.0127041
0.505051 0.10101 0.0241825 0.0234428
0.505051 0.121212 0.0335763 0.0351868
0.505051 0.141414 0.0437837 0.0469282
0.505051 0.161616 0.0544448 0.0581244
0.505051 0.181818 0.0652034 0.0685181
0.505051 0.20202 0.0757245 0.078012
0.505051 0.222222 0.0857101 0.0865935
0.505051 0.242424 0.0949128 0.0942926
0.505051 0.262626 0.103145 0.101159
0.505051 0.282828 0.110284 0.107247
0.505051 0.30303 0.116275 0.112613
0.505051 0.323232 0.121124 0.117309
0.505051 0.343434 0.124897 0.121382
0.505051 0.363636 0.127703 0.124873
0.505051 0.383838 0.129685 0.127817
0.505051 0.40404 0.131002 0.130244
0.505051 0.424242 0.131816 0.132179
0.505051 0.444444 0.132277 0.13364
0.505051 0.464646 0.132506 0.134643
0.505051 0.484848 0.132588 0.135197
0.505051 0.505051 0.132561 0.135308
0.505051 0.525253 0.132412 0.134976
0.505051 0.545455 0.13208 0.134198
0.505051 0.565657 0.131455 0.132968
0.505051 0.585859 0.130393 0.131272
0.505051 0.606061 0.128718 0.129094
0.505051 0.626263 0.126247 0.126411
0.505051 0.646465 0.122796 0.123198
0.505051 0.666667 0.118202 0.119421
0.505051 0.686869 0.112339 0.115042
0.505051 0.707071 0.105129 0.110017
0.505051 0.727273 0.0965552 0.104296
0.505051 0.747475 0.0866731 0.0978263
0.505051 0.767677 0.0756109 0.0905506
0.505051 0.787879 0.0635711 0.0824155
0.505051 0.808081 0.0508253 0.0733797
0.505051 0.828283 0.0377049 0.0634303
0.505051 0.848485 0.0245872 0.0526155
0.505051 0.868687 0.0118796 0.0411003
0.505051 0.888889 -3.13497e-16 0.0292653
0.505051 0.909091 -0.0106433 0.0178616
0.505051 0.929293 -0.0196718 0.00819003
0.505051 0.949495 -0.026756 0.00200242
0.505051 0.969697 -0.0316327 7.42618e-05
0.525253 0 -8.23994e-18 0
0.525253 0.020202 0.00104676 1.20057e-06
0.525253 0.040404 0.00414518 0.000581102
0.525253 0.0606061 0.009172 0.00454519
0.525253 0.0808081 0.0159293 0.012673
0.525253 0.10101 0.0241553 0.0233853
0.525253 0.121212 0.0335386 0.0351005
0.525253 0.141414 0.0437345 0.0468132
0.525253 0.161616 0.0543837 0.0579819
0.525253 0.181818 0.0651302 0.0683501
0.525253 0.20202 0.0756395 0.0778207
0.525253 0.222222 0.0856139 0.0863811
0.525253 0.242424 0.0948063 0.0940614
0.525253 0.262626 0.103029 0.10091
0.525253 0.282828 0.11016 0.106984
0.525253 0.30303 0.116144 0.112337
0.525253 0.323232 0.120988 0.117021
0.525253 0.343434 0.124757 0.121084
0.525253 0.363636 0.12756 0.124567
0.525253 0.383838 0.129539 0.127504
0.525253 0.40404 0.130855 0.129925
0.525253 0.424242 0.131668 0.131855
0.525253 0.444444 0.132129 0.133313
0.525253 0.464646 0.132358 0.134313
0.525253 0.484848 0.13244 0.134866
0.525253 0.505051 0.132412 0.134976
0.525253 0.525253 0.132264 0.134645
0.525253 0.545455 0.131932 0.133869
0.525253 0.565657 0.131308 0.132642
0.525253 0.585859 0.130246 0.13095
0.525253 0.606061 0.128574 0.128777
0.525253 0.626263 0.126105 0.126101
0.525253 0.646465 0.122658 0.122896
0.525253 0.666667 0.11807 0.119128
0.525253 0.686869 0.112213 0.11476
0.525253 0.707071 0.105011 0.109747
0.525253 0.727273 0.0964468 0.104041
0.525253 0.747475 0.0865758 0.0975864
0.525253 0.767677 0.075526 0.0903285
0.525253 0.787879 0.0634997 0.0822134
0.525253 0.808081 0.0507683 0.0731997
0.525253 0.828283 0.0376625 0.0632748
0.525253 0.848485 0.0245596 0.0524865
0.525253 0.868687 0.0118663 0.0409996
0.525253 0.888889 -3.17671e-16 0.0291936
0.525253 0.909091 -0.0106313 0.0178178
0.525253 0.929293 -0.0196497 0.00816994
0.525253 0.949495 -0.026726 0.00199751
0.525253 0.969697 -0.0315972 7.40796e-05
0.545455 0 2.1684e-18 0
0.545455 0.020202 0.00104413 1.19366e-06
0.545455 0.040404 0.00413477 0.000577756
0.545455 0.0606061 0.00914897 0.00451901
0.545455 0.0808081 0.0158893 0.0126
0.545455 0.10101 0.0240947 0.0232506
0.545455 0.121212 0.0334544 0.0348983
0.545455 0.141414 0.0436247 0.0465435
0.545455 0.161616 0.0542472 0.0576479
0.545455 0.181818 0.0649667 0.0679564
0.545455 0.20202 0.0754496 0.0773725
0.545455 0.222222 0.085399 0.0858836
0.545455 0.242424 0.0945683 0.0935197
0.545455 0.262626 0.10277 0.100329
0.545455 0.282828 0.109884 0.106368
0.545455 0.30303 0.115853 0.11169
0.545455 0.323232 0.120685 0.116348
0.545455 0.343434 0.124444 0.120387
0.545455 0.363636 0.12724 0.123849
0.545455 0.383838 0.129214 0.126769
0.545455 0.40404 0.130526 0.129177
0.545455 0.424242 0.131338 0.131095
0.545455 0.444444 0.131797 0.132545
0.545455 0.464646 0.132025 0.13354
0.545455 0.484848 0.132107 0.134089
0.545455 0.505051 0.13208 0.134198
0.545455 0.525253 0.131932 0.133869
0.545455 0.545455 0.1316 0.133098
0.545455 0.565657 0.130978 0.131878
0.545455 0.585859 0.129919 0.130196
0.545455 0.606061 0.128251 0.128035
0.545455 0.626263 0.125789 0.125375
0.545455 0.646465 0.12235 0.122188
0.545455 0.666667 0.117773 0.118442
0.545455 0.686869 0.111931 0.114099
0.545455 0.707071 0.104747 0.109115
0.545455 0.727273 0.0962047 0.103441
0.545455 0.747475 0.0863584 0.0970244
0.545455 0.767677 0.0753364 0.0898083
0.545455 0.787879 0.0633403 0.0817399
0.545455 0.808081 0.0506408 0.0727781
0.545455 0.828283 0.037568 0.0629103
0.545455 0.848485 0.024498 0.0521842
0.545455 0.868687 0.0118365 0.0407634
0.545455 0.888889 -3.05528e-16 0.0290254
0.545455 0.909091 -0.0106047 0.0177152
0.545455 0.929293 -0.0196004 0.00812289
0.545455 0.949495 -0.0266589 0.001986
0.545455 0.969697 -0.0315179 7.3653e-05
0.565657 0 -7.80626e-18 0
0.565657 0.020202 0.00103919 1.18271e-06
0.565657 0.040404 0.00411522 0.000572458
0.565657 0.0606061 0.00910572 0.00447757
0.565657 0.0808081 0.0158142 0.0124844
0.565657 0.10101 0.0239808 0.0230374
0.565657 0.121212 0.0332962 0.0345783
0.565657 0.141414 0.0434185 0.0461167
0.565657 0.161616 0.0539907 0.0571193
0.565657 0.181818 0.0646596 0.0673332
0.565657 0.20202 0.0750929 0.0766629
0.565657 0.222222 0.0849952 0.0850961
0.565657 0.242424 0.0941212 0.0926621
0.565657 0.262626 0.102285 0.0994093
0.565657 0.282828 0.109364 0.105392
0.565657 0.30303 0.115305 0.110666
0.565657 0.323232 0.120114 0.115281
0.565657 0.343434 0.123856 0.119283
0.565657 0.363636 0.126638 0.122714
0.565657 0.383838 0.128603 0.125607
0.565657 0.40404 0.129909 0.127992
0.565657 0.424242 0.130717 0.129893
0.565657 0.444444 0.131174 0.13133
0.565657 0.464646 0.131401 0.132315
0.565657 0.484848 0.131483 0.132859
0.565657 0.505051 0.131455 0.132968
0.565657 0.525253 0.131308 0.132642
0.565657 0.545455 0.130978 0.131878
0.565657 0.565657 0.130359 0.130669
0.565657 0.585859 0.129305 0.129002
0.565657 0.606061 0.127645 0.126861
0.565657 0.626263 0.125194 0.124225
0.565657 0.646465 0.121772 0.121067
0.565657 0.666667 0.117217 0.117356
0.565657 0.686869 0.111402 0.113052
0.565657 0.707071 0.104252 0.108114
0.565657 0.727273 0.0957499 0.102493
0.565657 0.747475 0.0859502 0.0961347
0.565657 0.767677 0.0749802 0.0889847
0.565657 0.787879 0.0630409 0.0809904
0.565657 0.808081 0.0504014 0.0721107
0.565657 0.828283 0.0373904 0.0623334
0.565657 0.848485 0.0243821 0.0517056
0.565657 0.868687 0.0117805 0.0403896
0.565657 0.888889 -3.1019e-16 0.0287593
0.565657 0.909091 -0.0105545 0.0175527
0.565657 0.929293 -0.0195077 0.0080484
0.565657 0.949495 -0.0265329 0.00196779
0.565657 0.969697 -0.0313689 7.29776e-05
0.585859 0 -1.51788e-18 0
0.585859 0.020202 0.00103079 1.16763e-06
0.585859 0.040404 0.00408195 0.000565156
0.585859 0.0606061 0.0090321 0.00442046
0.585859 0.0808081 0.0156863 0.0123252
0.585859 0.10101 0.0237869 0.0227436
0.585859 0.121212 0.033027 0.0341373
0.585859 0.141414 0.0430674 0.0455285
0.585859 0.161616 0.0535542 0.0563907
0.585859 0.181818 0.0641368 0.0664744
0.585859 0.20202 0.0744858 0.0756851
0.585859 0.222222 0.084308 0.0840107
0.585859 0.242424 0.0933602 0.0914802
0.585859 0.262626 0.101458 0.0981413
0.585859 0.282828 0.10848 0.104048
0.585859 0.30303 0.114373 0.109254
0.585859 0.323232 0.119143 0.11381
0.585859 0.343434 0.122854 0.117762
0.585859 0.363636 0.125614 0.121148
0.585859 0.383838 0.127563 0.124005
0.585859 0.40404 0.128859 0.12636
0.585859 0.424242 0.12966 0.128237
0.585859 0.444444 0.130113 0.129654
0.585859 0.464646 0.130339 0.130627
0.585859 0.484848 0.13042 0.131165
0.585859 0.505051 0.130393 0.131272
0.585859 0.525253 0.130246 0.13095
0.585859 0.545455 0.129919 0.130196
0.585859 0.565657 0.129305 0.129002
0.585859 0.585859 0.12826 0.127356
0.585859 0.606061 0.126613 0.125243
0.585859 0.626263 0.124182 0.122641
0.585859 0.646465 0.120787 0.119523
0.585859 0.666667 0.116269 0.115859
0.585859 0.686869 0.110502 0.11161
0.585859 0.707071 0.103409 0.106735
0.585859 0.727273 0.0949757 0.101186
0.585859 0.747475 0.0852553 0.0949085
0.585859 0.767677 0.074374 0.0878497
0.585859 0.787879 0.0625312 0.0799574
0.585859 0.808081 0.0499939 0.071191
0.585859 0.828283 0.0370881 0.0615384
0.585859 0.848485 0.024185 0.0510461
0.585859 0.868687 0.0116853 0.0398744
0.585859 0.888889 -3.07913e-16 0.0283924
0.585859 0.909091 -0.0104692 0.0173288
0.585859 0.929293 -0.01935 0.00794575
0.585859 0.949495 -0.0263184 0.00194269
0.585859 0.969697 -0.0311153 7.20468e-05
0.606061 0 -5.20417e-18 0
0.606061 0.020202 0.00101756 1.14825e-06
0.606061 0.040404 0.00402954 0.000555778
0.606061 0.0606061 0.00891612 0.00434711
0.606061 0.0808081 0.0154849 0.0121207
0.606061 0.10101 0.0234815 0.0223662
0.606061 0.121212 0.0326029 0.0335708
0.606061 0.141414 0.0425144 0.044773
0.606061 0.161616 0.0528666 0.055455
0.606061 0.181818 0.0633133 0.0653714
0.606061 0.20202 0.0735293 0.0744292
0.606061 0.222222 0.0832255 0.0826167
0.606061 0.242424 0.0921614 0.0899622
0.606061 0.262626 0.100155 0.0965128
0.606061 0.282828 0.107087 0.102321
0.606061 0.30303 0.112904 0.107441
0.606061 0.323232 0.117613 0.111922
0.606061 0.343434 0.121277 0.115808
0.606061 0.363636 0.124001 0.119138
0.606061 0.383838 0.125926 0.121947
0.606061 0.40404 0.127204 0.124263
0.606061 0.424242 0.127995 0.126109
0.606061 0.444444 0.128443 0.127503
0.606061 0.464646 0.128665 0.12846
0.606061 0.484848 0.128745 0.128988
0.606061 0.505051 0.128718 0.129094
0.606061 0.525253 0.128574 0.128777
0.606061 0.545455 0.128251 0.128035
0.606061 0.565657 0.127645 0.126861
0.606061 0.585859 0.126613 0.125243
0.606061 0.606061 0.124987 0.123165
0.606061 0.626263 0.122587 0.120606
0.606061 0.646465 0.119236 0.11754
0.606061 0.666667 0.114776 0.113936
0.606061 0.686869 0.109083 0.109758
0.606061 0.707071 0.102081 0.104964
0.606061 0.727273 0.0937562 0.0995065
0.606061 0.747475 0.0841606 0.0933336
0.606061 0.767677 0.073419 0.086392
0.606061 0.787879 0.0617283 0.0786306
0.606061 0.808081 0.049352 0.0700097
0.606061 0.828283 0.0366119 0.0605172
0.606061 0.848485 0.0238745 0.0501991
0.606061 0.868687 0.0115353 0.0392128
0.606061 0.888889 -3.07046e-16 0.0279213
0.606061 0.909091 -0.0103348 0.0170413
0.606061 0.929293 -0.0191015 0.0078139
0.606061 0.949495 -0.0259804 0.00191046
0.606061 0.969697 -0.0307158 7.08513e-05
0.626263 0 2.74439e-18 0
0.626263 0.020202 0.000998019 1.12439e-06
0.626263 0.040404 0.00395217 0.00054423
0.626263 0.0606061 0.00874493 0.00425678
0.626263 0.0808081 0.0151876 0.0118688
0.626263 0.10101 0.0230306 0.0219015
0.626263 0.121212 0.031977 0.0328733
0.626263 0.141414 0.0416982 0.0438427
0.626263 0.161616 0.0518515 0.0543028
0.626263 0.181818 0.0620977 0.0640131
0.626263 0.20202 0.0721176 0.0728827
0.626263 0.222222 0.0816276 0.0809
0.626263 0.242424 0.0903919 0.088093
0.626263 0.262626 0.0982319 0.0945074
0.626263 0.282828 0.105031 0.100195
0.626263 0.30303 0.110736 0.105209
0.626263 0.323232 0.115355 0.109596
0.626263 0.343434 0.118948 0.113401
0.626263 0.363636 0.121621 0.116663
0.626263 0.383838 0.123508 0.119413
0.626263 0.40404 0.124762 0.121681
0.626263 0.424242 0.125538 0.123488
0.626263 0.444444 0.125977 0.124854
0.626263 0.464646 0.126195 0.125791
0.626263 0.484848 0.126273 0.126308
0.626263 0.505051 0.126247 0.126411
0.626263 0.525253 0.126105 0.126101
0.626263 0.545455 0.125789 0.125375
0.626263 0.565657 0.125194 0.124225
0.626263 0.585859 0.124182 0.122641
0.626263 0.606061 0.122587 0.120606
0.626263 0.626263 0.120234 0.1181
0.626263 0.646465 0.116947 0.115098
0.626263 0.666667 0.112572 0.111569
0.626263 0.686869 0.106988 0.107478
0.626263 0.707071 0.100121 0.102783
0.626263 0.727273 0.0919561 0.097439
0.626263 0.747475 0.0825447 0.0913943
0.626263 0.767677 0.0720094 0.0845969
0.626263 0.787879 0.0605431 0.0769968
0.626263 0.808081 0.0484044 0.068555
0.626263 0.828283 0.0359089 0.0592598
0.626263 0.848485 0.0234161 0.0491561
0.626263 0.868687 0.0113138 0.038398
0.626263 0.888889 -2.96672e-16 0.0273411
0.626263 0.909091 -0.0101363 0.0166872
0.626263 0.929293 -0.0187348 0.00765154
0.626263 0.949495 -0.0254816 0.00187076
0.626263 0.969697 -0.030126 6.93791e-05
0.646465 0 -5.42101e-19 0
0.646465 0.020202 0.000970738 1.09581e-06
0.646465 0.040404 0.00384414 0.000530395
0.646465 0.0606061 0.00850589 0.00414857
0.646465 0.0808081 0.0147725 0.0115671
0.646465 0.10101 0.0224011 0.0213447
0.646465 0.121212 0.0311029 0.0320376
0.646465 0.141414 0.0405583 0.0427282
0.646465 0.161616 0.0504342 0.0529224
0.646465 0.181818 0.0604002 0.0623858
0.646465 0.20202 0.0701462 0.07103
0.646465 0.222222 0.0793963 0.0788435
0.646465 0.242424 0.0879211 0.0858536
0.646465 0.262626 0.0955467 0.092105
0.646465 0.282828 0.10216 0.0976484
0.646465 0.30303 0.107709 0.102534
0.646465 0.323232 0.112202 0.10681
0.646465 0.343434 0.115697 0.110519
0.646465 0.363636 0.118296 0.113697
0.646465 0.383838 0.120132 0.116378
0.646465 0.40404 0.121352 0.118588
0.646465 0.424242 0.122106 0.120349
0.646465 0.444444 0.122533 0.12168
0.646465 0.464646 0.122745 0.122593
0.646465 0.484848 0.122821 0.123097
0.646465 0.505051 0.122796 0.123198
0.646465 0.525253 0.122658 0.122896
0.646465 0.545455 0.12235 0.122188
0.646465 0.565657 0.121772 0.121067
0.646465 0.585859 0.120787 0.119523
0.646465 0.606061 0.119236 0.11754
0.646465 0.626263 0.116947 0.115098
0.646465 0.646465 0.11375 0.112172
0.646465 0.666667 0.109495 0.108733
0.646465 0.686869 0.104064 0.104746
0.646465 0.707071 0.0973844 0.100171
0.646465 0.727273 0.0894425 0.094962
0.646465 0.747475 0.0802883 0.089071
0.646465 0.767677 0.070041 0.0824464
0.646465 0.787879 0.0588881 0.0750395
0.646465 0.808081 0.0470813 0.0668123
0.646465 0.828283 0.0349273 0.0577534
0.646465 0.848485 0.022776 0.0479065
0.646465 0.868687 0.0110045 0.0374219
0.646465 0.888889 -2.86541e-16 0.0266461
0.646465 0.909091 -0.00985926 0.016263
0.646465 0.929293 -0.0182227 0.00745703
0.646465 0.949495 -0.0247851 0.0018232
0.646465 0.969697 -0.0293025 6.76154e-05
0.666667 0 1.73472e-18 0
0.666667 0.020202 0.000934425 1.06221e-06
0.666667 0.040404 0.00370034 0.000514134
0.666667 0.0606061 0.00818771 0.00402138
0.666667 0.0808081 0.0142199 0.0112125
0.666667 0.10101 0.0215631 0.0206903
0.666667 0.121212 0.0299394 0.0310554
0.666667 0.141414 0.0390412 0.0414183
0.666667 0.161616 0.0485475 0.0512998
0.666667 0.181818 0.0581408 0.0604732
0.666667 0.20202 0.0675223 0.0688523
0.666667 0.222222 0.0764263 0.0764263
0.666667 0.242424 0.0846322 0.0832215
0.666667 0.262626 0.0919726 0.0892812
0.666667 0.282828 0.0983385 0.0946547
0.666667 0.30303 0.10368 0.0993908
0.666667 0.323232 0.108005 0.103536
0.666667 0.343434 0.111369 0.10713
0.666667 0.363636 0.113871 0.110211
0.666667 0.383838 0.115638 0.11281
0.666667 0.40404 0.116812 0.114952
0.666667 0.424242 0.117538 0.116659
0.666667 0.444444 0.117949 0.117949
0.666667 0.464646 0.118154 0.118834
0.666667 0.484848 0.118227 0.119323
0.666667 0.505051 0.118202 0.119421
0.666667 0.525253 0.11807 0.119128
0.666667 0.545455 0.117773 0.118442
0.666667 0.565657 0.117217 0.117356
0.666667 0.585859 0.116269 0.115859
0.666667 0.606061 0.114776 0.113936
0.666667 0.626263 0.112572 0.111569
0.666667 0.646465 0.109495 0.108733
0.666667 0.666667 0.105399 0.105399
0.666667 0.686869 0.100171 0.101534
0.666667 0.707071 0.0937415 0.0970994
0.666667 0.727273 0.0860967 0.0920506
0.666667 0.747475 0.077285 0.0863402
0.666667 0.767677 0.067421 0.0799187
0.666667 0.787879 0.0566853 0.0727389
0.666667 0.808081 0.0453201 0.0647639
0.666667 0.828283 0.0336208 0.0559828
0.666667 0.848485 0.021924 0.0464377
0.666667 0.868687 0.0105929 0.0362746
0.666667 0.888889 -2.82814e-16 0.0258292
0.666667 0.909091 -0.00949045 0.0157644
0.666667 0.929293 -0.017541 0.00722841
0.666667 0.949495 -0.0238579 0.00176731
0.666667 0.969697 -0.0282064 6.55425e-05
0.686869 0 -3.90313e-18 0
0.686869 0.020202 0.000888074 1.02326e-06
0.686869 0.040404 0.00351679 0.000495282
0.686869 0.0606061 0.00778157 0.00387393
0.686869 0.0808081 0.0135145 0.0108013
0.686869 0.10101 0.0204935 0.0199316
0.686869 0.121212 0.0284543 0.0299166
0.686869 0.141414 0.0371046 0.0398995
0.686869 0.161616 0.0461394 0.0494187
0.686869 0.181818 0.0552568 0.0582557
0.686869 0.20202 0.0641729 0.0663276
0.686869 0.222222 0.0726353 0.0736239
0.686869 0.242424 0.0804341 0.0801699
0.686869 0.262626 0.0874104 0.0860074
0.686869 0.282828 0.0934606 0.0911838
0.686869 0.30303 0.0985373 0.0957463
0.686869 0.323232 0.102647 0.099739
0.686869 0.343434 0.105845 0.103202
0.686869 0.363636 0.108223 0.10617
0.686869 0.383838 0.109902 0.108673
0.686869 0.40404 0.111018 0.110737
0.686869 0.424242 0.111708 0.112382
0.686869 0.444444 0.112099 0.113624
0.686869 0.464646 0.112293 0.114477
0.686869 0.484848 0.112362 0.114948
0.686869 0.505051 0.112339 0.115042
0.686869 0.525253 0.112213 0.11476
0.686869 0.545455 0.111931 0.114099
0.686869 0.565657 0.111402 0.113052
0.686869 0.585859 0.110502 0.11161
0.686869 0.606061 0.109083 0.109758
0.686869 0.626263 0.106988 0.107478
0.686869 0.646465 0.104064 0.104746
0.686869 0.666667 0.100171 0.101534
0.686869 0.686869 0.0952022 0.0978113
0.686869 0.707071 0.0890916 0.0935389
0.686869 0.727273 0.081826 0.0886753
0.686869 0.747475 0.0734513 0.0831743
0.686869 0.767677 0.0640766 0.0769882
0.686869 0.787879 0.0538735 0.0700717
0.686869 0.808081 0.0430721 0.0623891
0.686869 0.828283 0.0319531 0.0539299
0.686869 0.848485 0.0208365 0.0447349
0.686869 0.868687 0.0100674 0.0349445
0.686869 0.888889 -2.65196e-16 0.0248821
0.686869 0.909091 -0.00901969 0.0151864
0.686869 0.929293 -0.0166709 0.00696336
0.686869 0.949495 -0.0226745 0.0017025
0.686869 0.969697 -0.0268073 6.31391e-05
0.707071 0 -2.60209e-18 0
0.707071 0.020202 0.000831073 9.78569e-07
0.707071 0.040404 0.00329106 0.000473648
0.707071 0.0606061 0.00728211 0.00370472
0.707071 0.0808081 0.0126471 0.0103295
0.707071 0.10101 0.0191781 0.019061
0.707071 0.121212 0.0266279 0.0286099
0.707071 0.141414 0.034723 0.0381567
0.707071 0.161616 0.0431779 0.0472602
0.707071 0.181818 0.0517101 0.0557111
0.707071 0.20202 0.060054 0.0634305
0.707071 0.222222 0.0679731 0.070408
0.707071 0.242424 0.0752714 0.0766681
0.707071 0.262626 0.0818 0.0822507
0.707071 0.282828 0.0874618 0.087201
0.707071 0.30303 0.0922127 0.0915642
0.707071 0.323232 0.0960588 0.0953825
0.707071 0.343434 0.099051 0.0986941
0.707071 0.363636 0.101276 0.101532
0.707071 0.383838 0.102848 0.103926
0.707071 0.40404 0.103892 0.1059
0.707071 0.424242 0.104538 0.107473
0.707071 0.444444 0.104904 0.108661
0.707071 0.464646 0.105085 0.109477
0.707071 0.484848 0.10515 0.109927
0.707071 0.505051 0.105129 0.110017
0.707071 0.525253 0.105011 0.109747
0.707071 0.545455 0.104747 0.109115
0.707071 0.565657 0.104252 0.108114
0.707071 0.585859 0.103409 0.106735
0.707071 0.606061 0.102081 0.104964
0.707071 0.626263 0.100121 0.102783
0.707071 0.646465 0.0973844 0.100171
0.707071 0.666667 0.0937415 0.0970994
0.707071 0.686869 0.0890916 0.0935389
0.707071 0.707071 0.0833732 0.0894532
0.707071 0.727273 0.076574 0.084802
0.707071 0.747475 0.0687368 0.0795413
0.707071 0.767677 0.0599639 0.0736254
0.707071 0.787879 0.0504156 0.067011
0.707071 0.808081 0.0403075 0.059664
0.707071 0.828283 0.0299022 0.0515743
0.707071 0.848485 0.0194991 0.0427809
0.707071 0.868687 0.00942124 0.0334181
0.707071 0.888889 -2.51589e-16 0.0237952
0.707071 0.909091 -0.00844076 0.014523
0.707071 0.929293 -0.0156009 0.0066592
0.707071 0.949495 -0.0212191 0.00162814
0.707071 0.969697 -0.0250866 6.03812e-05
0.727273 0 -1.30104e-18 0
0.727273 0.020202 0.000763297 9.27687e-07
0.727273 0.040404 0.00302267 0.00044902
0.727273 0.0606061 0.00668823 0.00351208
0.727273 0.0808081 0.0116157 0.00979244
0.727273 0.10101 0.0176141 0.0180699
0.727273 0.121212 0.0244564 0.0271223
0.727273 0.141414 0.0318913 0.0361727
0.727273 0.161616 0.0396567 0.0448028
0.727273 0.181818 0.0474931 0.0528144
0.727273 0.20202 0.0551564 0.0601323
0.727273 0.222222 0.0624298 0.066747
0.727273 0.242424 0.0691329 0.0726816
0.727273 0.262626 0.075129 0.0779739
0.727273 0.282828 0.0803291 0.0826668
0.727273 0.30303 0.0846925 0.0868032
0.727273 0.323232 0.088225 0.090423
0.727273 0.343434 0.0909731 0.0935624
0.727273 0.363636 0.093017 0.0962531
0.727273 0.383838 0.0944603 0.0985225
0.727273 0.40404 0.0954195 0.100393
0.727273 0.424242 0.0960127 0.101885
0.727273 0.444444 0.0963484 0.103011
0.727273 0.464646 0.0965155 0.103784
0.727273 0.484848 0.0965752 0.104211
0.727273 0.505051 0.0965552 0.104296
0.727273 0.525253 0.0964468 0.104041
0.727273 0.545455 0.0962047 0.103441
0.727273 0.565657 0.0957499 0.102493
0.727273 0.585859 0.0949757 0.101186
0.727273 0.606061 0.0937562 0.0995065
0.727273 0.626263 0.0919561 0.097439
0.727273 0.646465 0.0894425 0.094962
0.727273 0.666667 0.0860967 0.0920506
0.727273 0.686869 0.081826 0.0886753
0.727273 0.707071 0.076574 0.084802
0.727273 0.727273 0.0703292 0.0803926
0.727273 0.747475 0.0631312 0.0754054
0.727273 0.767677 0.0550737 0.0697972
0.727273 0.787879 0.0463041 0.0635266
0.727273 0.808081 0.0370203 0.0565617
0.727273 0.828283 0.0274636 0.0488926
0.727273 0.848485 0.0179089 0.0405565
0.727273 0.868687 0.00865292 0.0316805
0.727273 0.888889 -2.28008e-16 0.022558
0.727273 0.909091 -0.00775239 0.0137679
0.727273 0.929293 -0.0143286 0.00631295
0.727273 0.949495 -0.0194887 0.00154348
0.727273 0.969697 -0.0230408 5.72416e-05
0.747475 0 8.67362e-19 0
0.747475 0.020202 0.000685176 8.70138e-07
0.747475 0.040404 0.00271331 0.000421165
0.747475 0.0606061 0.00600371 0.00329421
0.747475 0.0808081 0.0104268 0.00918496
0.747475 0.10101 0.0158113 0.016949
0.747475 0.121212 0.0219533 0.0254398
0.747475 0.141414 0.0286273 0.0339287
0.747475 0.161616 0.0355979 0.0420235
0.747475 0.181818 0.0426323 0.049538
0.747475 0.20202 0.0495113 0.056402
0.747475 0.222222 0.0560403 0.0626064
0.747475 0.242424 0.0620573 0.0681728
0.747475 0.262626 0.0674398 0.0731368
0.747475 0.282828 0.0721076 0.0775386
0.747475 0.30303 0.0760245 0.0814183
0.747475 0.323232 0.0791954 0.0848136
0.747475 0.343434 0.0816623 0.0877582
0.747475 0.363636 0.083497 0.0902821
0.747475 0.383838 0.0847925 0.0924107
0.747475 0.40404 0.0856536 0.0941655
0.747475 0.424242 0.0861861 0.0955643
0.747475 0.444444 0.0864874 0.096621
0.747475 0.464646 0.0866374 0.097346
0.747475 0.484848 0.086691 0.0977464
0.747475 0.505051 0.0866731 0.0978263
0.747475 0.525253 0.0865758 0.0975864
0.747475 0.545455 0.0863584 0.0970244
0.747475 0.565657 0.0859502 0.0961347
0.747475 0.585859 0.0852553 0.0949085
0.747475 0.606061 0.0841606 0.0933336
0.747475 0.626263 0.0825447 0.0913943
0.747475 0.646465 0.0802883 0.089071
0.747475 0.666667 0.077285 0.0863402
0.747475 0.686869 0.0734513 0.0831743
0.747475 0.707071 0.0687368 0.0795413
0.747475 0.727273 0.0631312 0.0754054
0.747475 0.747475 0.0566699 0.0707276
0.747475 0.767677 0.049437 0.0654673
0.747475 0.787879 0.041565 0.0595858
0.747475 0.808081 0.0332314 0.0530529
0.747475 0.828283 0.0246528 0.0458596
0.747475 0.848485 0.016076 0.0380406
0.747475 0.868687 0.00776732 0.0297152
0.747475 0.888889 -2.05836e-16 0.0211586
0.747475 0.909091 -0.00695896 0.0129138
0.747475 0.929293 -0.0128621 0.00592132
0.747475 0.949495 -0.017494 0.00144773
0.747475 0.969697 -0.0206826 5.36906e-05
0.767677 0 8.67362e-19 0
0.767677 0.020202 0.000597726 8.05422e-07
0.767677 0.040404 0.002367 0.000389841
0.767677 0.0606061 0.00523745 0.00304921
0.767677 0.0808081 0.00909605 0.00850184
0.767677 0.10101 0.0137933 0.0156884
0.767677 0.121212 0.0191514 0.0235477
0.767677 0.141414 0.0249736 0.0314053
0.767677 0.161616 0.0310545 0.038898
0.767677 0.181818 0.0371911 0.0458537
0.767677 0.20202 0.0431921 0.0522071
0.767677 0.222222 0.0488878 0.0579501
0.767677 0.242424 0.0541369 0.0631025
0.767677 0.262626 0.0588323 0.0676973
0.767677 0.282828 0.0629044 0.0717717
0.767677 0.30303 0.0663214 0.0753629
0.767677 0.323232 0.0690876 0.0785056
0.767677 0.343434 0.0712396 0.0812312
0.767677 0.363636 0.0728401 0.0835674
0.767677 0.383838 0.0739703 0.0855377
0.767677 0.40404 0.0747215 0.087162
0.767677 0.424242 0.0751861 0.0884568
0.767677 0.444444 0.0754489 0.0894349
0.767677 0.464646 0.0755797 0.0901059
0.767677 0.484848 0.0756265 0.0904766
0.767677 0.505051 0.0756109 0.0905506
0.767677 0.525253 0.075526 0.0903285
0.767677 0.545455 0.0753364 0.0898083
0.767677 0.565657 0.0749802 0.0889847
0.767677 0.585859 0.074374 0.0878497
0.767677 0.606061 0.073419 0.086392
0.767677 0.626263 0.0720094 0.0845969
0.767677 0.646465 0.070041 0.0824464
0.767677 0.666667 0.067421 0.0799187
0.767677 0.686869 0.0640766 0.0769882
0.767677 0.707071 0.0599639 0.0736254
0.767677 0.727273 0.0550737 0.0697972
0.767677 0.747475 0.049437 0.0654673
0.767677 0.767677 0.0431273 0.0605982
0.767677 0.787879 0.03626 0.0551541
0.767677 0.808081 0.02899 0.0491071
0.767677 0.828283 0.0215063 0.0424488
0.767677 0.848485 0.0140242 0.0352113
0.767677 0.868687 0.00677596 0.0275052
0.767677 0.888889 -1.7808e-16 0.0195849
0.767677 0.909091 -0.00607078 0.0119533
0.767677 0.929293 -0.0112205 0.00548093
0.767677 0.949495 -0.0152613 0.00134006
0.767677 0.969697 -0.0180429 4.96974e-05
0.787879 0 1.51788e-18 0
0.787879 0.020202 0.000502548 7.33063e-07
0.787879 0.040404 0.0019901 0.000354818
0.787879 0.0606061 0.00440347 0.00277527
0.787879 0.0808081 0.00764765 0.00773804
0.787879 0.10101 0.011597 0.0142789
0.787879 0.121212 0.0161019 0.0214322
0.787879 0.141414 0.0209969 0.0285839
0.787879 0.161616 0.0261096 0.0354034
0.787879 0.181818 0.031269 0.0417342
0.787879 0.20202 0.0363145 0.0475169
0.787879 0.222222 0.0411032 0.0527439
0.787879 0.242424 0.0455165 0.0574334
0.787879 0.262626 0.0494643 0.0616154
0.787879 0.282828 0.0528879 0.0653238
0.787879 0.30303 0.0557608 0.0685923
0.787879 0.323232 0.0580865 0.0714527
0.787879 0.343434 0.0598959 0.0739335
0.787879 0.363636 0.0612416 0.0760597
0.787879 0.383838 0.0621918 0.077853
0.787879 0.40404 0.0628233 0.0793314
0.787879 0.424242 0.0632139 0.0805099
0.787879 0.444444 0.0634349 0.0814001
0.787879 0.464646 0.0635449 0.0820108
0.787879 0.484848 0.0635842 0.0823482
0.787879 0.505051 0.0635711 0.0824155
0.787879 0.525253 0.0634997 0.0822134
0.787879 0.545455 0.0633403 0.0817399
0.787879 0.565657 0.0630409 0.0809904
0.787879 0.585859 0.0625312 0.0799574
0.787879 0.606061 0.0617283 0.0786306
0.787879 0.626263 0.0605431 0.0769968
0.787879 0.646465 0.0588881 0.0750395
0.787879 0.666667 0.0566853 0.0727389
0.787879 0.686869 0.0538735 0.0700717
0.787879 0.707071 0.0504156 0.067011
0.787879 0.727273 0.0463041 0.0635266
0.787879 0.747475 0.041565 0.0595858
0.787879 0.767677 0.03626 0.0551541
0.787879 0.787879 0.0304862 0.0501991
0.787879 0.808081 0.0243738 0.0446954
0.787879 0.828283 0.0180818 0.0386352
0.787879 0.848485 0.0117911 0.032048
0.787879 0.868687 0.005697 0.0250341
0.787879 0.888889 -1.49078e-16 0.0178254
0.787879 0.909091 -0.00510411 0.0108795
0.787879 0.929293 -0.00943381 0.00498852
0.787879 0.949495 -0.0128312 0.00121967
0.787879 0.969697 -0.0151698 4.52326e-05
0.808081 0 4.77049e-18 0
0.808081 0.020202 0.000401789 6.52692e-07
0.808081 0.040404 0.00159109 0.000315916
0.808081 0.0606061 0.00352059 0.00247099
0.808081 0.0808081 0.00611433 0.00688965
0.808081 0.10101 0.00927182 0.0127134
0.808081 0.121212 0.0128735 0.0190824
0.808081 0.141414 0.0167871 0.02545
0.808081 0.161616 0.0208747 0.0315218
0.808081 0.181818 0.0249997 0.0371585
0.808081 0.20202 0.0290336 0.0423072
0.808081 0.222222 0.0328622 0.0469611
0.808081 0.242424 0.0363906 0.0511365
0.808081 0.262626 0.0395469 0.05486
0.808081 0.282828 0.0422841 0.0581618
0.808081 0.30303 0.044581 0.061072
0.808081 0.323232 0.0464404 0.0636187
0.808081 0.343434 0.047887 0.0658275
0.808081 0.363636 0.0489629 0.0677207
0.808081 0.383838 0.0497226 0.0693173
0.808081 0.40404 0.0502275 0.0706337
0.808081 0.424242 0.0505398 0.0716829
0.808081 0.444444 0.0507165 0.0724755
0.808081 0.464646 0.0508044 0.0730193
0.808081 0.484848 0.0508358 0.0733197
0.808081 0.505051 0.0508253 0.0733797
0.808081 0.525253 0.0507683 0.0731997
0.808081 0.545455 0.0506408 0.0727781
0.808081 0.565657 0.0504014 0.0721107
0.808081 0.585859 0.0499939 0.071191
0.808081 0.606061 0.049352 0.0700097
0.808081 0.626263 0.0484044 0.068555
0.808081 0.646465 0.0470813 0.0668123
0.808081 0.666667 0.0453201 0.0647639
0.808081 0.686869 0.0430721 0.0623891
0.808081 0.707071 0.0403075 0.059664
0.808081 0.727273 0.0370203 0.0565617
0.808081 0.747475 0.0332314 0.0530529
0.808081 0.767677 0.02899 0.0491071
0.808081 0.787879 0.0243738 0.0446954
0.808081 0.808081 0.019487 0.039795
0.808081 0.828283 0.0144565 0.0343993
0.808081 0.848485 0.00942701 0.0285343
0.808081 0.868687 0.00455478 0.0222894
0.808081 0.888889 -1.16172e-16 0.0158711
0.808081 0.909091 -0.00408075 0.00968665
0.808081 0.929293 -0.00754237 0.00444159
0.808081 0.949495 -0.0102586 0.00108595
0.808081 0.969697 -0.0121283 4.02734e-05
0.828283 0 2.38524e-18 0
0.828283 0.020202 0.000298068 5.64195e-07
0.828283 0.040404 0.00118035 0.000273082
0.828283 0.0606061 0.00261176 0.00213596
0.828283 0.0808081 0.00453593 0.0059555
0.828283 0.10101 0.00687831 0.0109896
0.828283 0.121212 0.00955023 0.0164951
0.828283 0.141414 0.0124536 0.0219993
0.828283 0.161616 0.015486 0.0272479
0.828283 0.181818 0.0185461 0.0321203
0.828283 0.20202 0.0215386 0.0365709
0.828283 0.222222 0.0243789 0.0405938
0.828283 0.242424 0.0269964 0.044203
0.828283 0.262626 0.0293379 0.0474217
0.828283 0.282828 0.0313685 0.0502758
0.828283 0.30303 0.0330725 0.0527914
0.828283 0.323232 0.0344519 0.0549928
0.828283 0.343434 0.0355251 0.0569022
0.828283 0.363636 0.0363232 0.0585386
0.828283 0.383838 0.0368868 0.0599188
0.828283 0.40404 0.0372614 0.0610567
0.828283 0.424242 0.037493 0.0619636
0.828283 0.444444 0.0376241 0.0626487
0.828283 0.464646 0.0376894 0.0631188
0.828283 0.484848 0.0377127 0.0633785
0.828283 0.505051 0.0377049 0.0634303
0.828283 0.525253 0.0376625 0.0632748
0.828283 0.545455 0.037568 0.0629103
0.828283 0.565657 0.0373904 0.0623334
0.828283 0.585859 0.0370881 0.0615384
0.828283 0.606061 0.0366119 0.0605172
0.828283 0.626263 0.0359089 0.0592598
0.828283 0.646465 0.0349273 0.0577534
0.828283 0.666667 0.0336208 0.0559828
0.828283 0.686869 0.0319531 0.0539299
0.828283 0.707071 0.0299022 0.0515743
0.828283 0.727273 0.0274636 0.0488926
0.828283 0.747475 0.0246528 0.0458596
0.828283 0.767677 0.0215063 0.0424488
0.828283 0.787879 0.0180818 0.0386352
0.828283 0.808081 0.0144565 0.0343993
0.828283 0.828283 0.0107245 0.0297352
0.828283 0.848485 0.00699344 0.0246654
0.828283 0.868687 0.00337897 0.0192673
0.828283 0.888889 -8.66006e-17 0.0137192
0.828283 0.909091 -0.00302731 0.00837326
0.828283 0.929293 -0.00559532 0.00383937
0.828283 0.949495 -0.00761033 0.000938705
0.828283 0.969697 -0.00899743 3.48128e-05
0.848485 0 2.92735e-18 0
0.848485 0.020202 0.000194369 4.68e-07
0.848485 0.040404 0.000769705 0.000226522
0.848485 0.0606061 0.00170312 0.00177178
0.848485 0.0808081 0.00295786 0.00494009
0.848485 0.10101 0.00448533 0.00911592
0.848485 0.121212 0.00622767 0.0136827
0.848485 0.141414 0.00812093 0.0182484
0.848485 0.161616 0.0100983 0.0226021
0.848485 0.181818 0.0120938 0.0266438
0.848485 0.20202 0.0140453 0.0303356
0.848485 0.222222 0.0158974 0.0336726
0.848485 0.242424 0.0176043 0.0366665
0.848485 0.262626 0.0191312 0.0393363
0.848485 0.282828 0.0204553 0.0417038
0.848485 0.30303 0.0215665 0.0437905
0.848485 0.323232 0.022466 0.0456166
0.848485 0.343434 0.0231658 0.0472004
0.848485 0.363636 0.0236862 0.0485578
0.848485 0.383838 0.0240538 0.0497027
0.848485 0.40404 0.024298 0.0506465
0.848485 0.424242 0.0244491 0.0513989
0.848485 0.444444 0.0245346 0.0519672
0.848485 0.464646 0.0245771 0.0523571
0.848485 0.484848 0.0245923 0.0525725
0.848485 0.505051 0.0245872 0.0526155
0.848485 0.525253 0.0245596 0.0524865
0.848485 0.545455 0.024498 0.0521842
0.848485 0.565657 0.0243821 0.0517056
0.848485 0.585859 0.024185 0.0510461
0.848485 0.606061 0.0238745 0.0501991
0.848485 0.626263 0.0234161 0.0491561
0.848485 0.646465 0.022776 0.0479065
0.848485 0.666667 0.021924 0.0464377
0.848485 0.686869 0.0208365 0.0447349
0.848485 0.707071 0.0194991 0.0427809
0.848485 0.727273 0.0179089 0.0405565
0.848485 0.747475 0.016076 0.0380406
0.848485 0.767677 0.0140242 0.0352113
0.848485 0.787879 0.0117911 0.032048
0.848485 0.808081 0.00942701 0.0285343
0.848485 0.828283 0.00699344 0.0246654
0.848485 0.848485 0.0045604 0.02046
0.848485 0.868687 0.00220341 0.0159822
0.848485 0.888889 -5.26651e-17 0.0113801
0.848485 0.909091 -0.0019741 0.00694563
0.848485 0.929293 -0.00364869 0.00318476
0.848485 0.949495 -0.00496267 0.000778656
0.848485 0.969697 -0.00586719 2.88773e-05
0.868687 0 5.06865e-18 0
0.868687 0.020202 9.39119e-05 3.65576e-07
0.868687 0.040404 0.000371893 0.000176946
0.868687 0.0606061 0.000822884 0.00138402
0.868687 0.0808081 0.00142913 0.00385893
0.868687 0.10101 0.00216714 0.00712086
0.868687 0.121212 0.00300898 0.0106882
0.868687 0.141414 0.00392373 0.0142547
0.868687 0.161616 0.00487914 0.0176556
0.868687 0.181818 0.00584329 0.0208127
0.868687 0.20202 0.00678614 0.0236965
0.868687 0.222222 0.00768102 0.0263032
0.868687 0.242424 0.00850573 0.0286418
0.868687 0.262626 0.00924346 0.0307274
0.868687 0.282828 0.00988325 0.0325767
0.868687 0.30303 0.0104201 0.0342067
0.868687 0.323232 0.0108547 0.0356332
0.868687 0.343434 0.0111928 0.0368704
0.868687 0.363636 0.0114443 0.0379307
0.868687 0.383838 0.0116219 0.038825
0.868687 0.40404 0.0117399 0.0395623
0.868687 0.424242 0.0118129 0.04015
0.868687 0.444444 0.0118542 0.0405939
0.868687 0.464646 0.0118747 0.0408985
0.868687 0.484848 0.0118821 0.0410668
0.868687 0.505051 0.0118796 0.0411003
0.868687 0.525253 0.0118663 0.0409996
0.868687 0.545455 0.0118365 0.0407634
0.868687 0.565657 0.0117805 0.0403896
0.868687 0.585859 0.0116853 0.0398744
0.868687 0.606061 0.0115353 0.0392128
0.868687 0.626263 0.0113138 0.038398
0.868687 0.646465 0.0110045 0.0374219
0.868687 0.666667 0.0105929 0.0362746
0.868687 0.686869 0.0100674 0.0349445
0.868687 0.707071 0.00942124 0.0334181
0.868687 0.727273 0.00865292 0.0316805
0.868687 0.747475 0.00776732 0.0297152
0.868687 0.767677 0.00677596 0.0275052
0.868687 0.787879 0.005697 0.0250341
0.868687 0.808081 0.00455478 0.0222894
0.868687 0.828283 0.00337897 0.0192673
0.868687 0.848485 0.00220341 0.0159822
0.868687 0.868687 0.00106461 0.0124844
0.868687 0.888889 -2.30088e-17 0.00888948
0.868687 0.909091 -0.000953812 0.00542555
0.868687 0.929293 -0.00176291 0.00248776
0.868687 0.949495 -0.00239778 0.000608244
0.868687 0.969697 -0.00283481 2.25574e-05
0.888889 0 -7.04731e-19 0
0.888889 0.020202 2.11419e-18 2.60307e-07
0.888889 0.040404 -1.2631e-17 0.000125994
0.888889 0.0606061 -1.61004e-17 0.000985483
0.888889 0.0808081 -3.27158e-17 0.00274774
0.888889 0.10101 -5.64463e-17 0.00507038
0.888889 0.121212 -7.32717e-17 0.00761045
0.888889 0.141414 -8.82947e-17 0.01015
0.888889 0.161616 -1.20184e-16 0.0125716
0.888889 0.181818 -1.45554e-16 0.0148196
0.888889 0.20202 -1.78351e-16 0.016873
0.888889 0.222222 -2.06107e-16 0.0187291
0.888889 0.242424 -2.24484e-16 0.0203943
0.888889 0.262626 -2.43837e-16 0.0218793
0.888889 0.282828 -2.59233e-16 0.0231961
0.888889 0.30303 -2.84169e-16 0.0243568
0.888889 0.323232 -2.98833e-16 0.0253725
0.888889 0.343434 -2.92328e-16 0.0262534
0.888889 0.363636 -3.15211e-16 0.0270084
0.888889 0.383838 -3.22022e-16 0.0276452
0.888889 0.40404 -3.27537e-16 0.0281702
0.888889 0.424242 -3.26291e-16 0.0285886
0.888889 0.444444 -3.15015e-16 0.0289047
0.888889 0.464646 -3.33446e-16 0.0291216
0.888889 0.484848 -3.20761e-16 0.0292414
0.888889 0.505051 -3.31603e-16 0.0292653
0.888889 0.525253 -3.22984e-16 0.0291936
0.888889 0.545455 -3.18051e-16 0.0290254
0.888889 0.565657 -3.15991e-16 0.0287593
0.888889 0.585859 -3.06233e-16 0.0283924
0.888889 0.606061 -3.11044e-16 0.0279213
0.888889 0.626263 -2.88539e-16 0.0273411
0.888889 0.646465 -2.67676e-16 0.0266461
0.888889 0.666667 -2.52402e-16 0.0258292
0.888889 0.686869 -2.29309e-16 0.0248821
0.888889 0.707071 -2.16244e-16 0.0237952
0.888889 0.727273 -2.06541e-16 0.022558
0.888889 0.747475 -1.85886e-16 0.0211586
0.888889 0.767677 -1.45283e-16 0.0195849
0.888889 0.787879 -1.23924e-16 0.0178254
0.888889 0.808081 -8.94467e-17 0.0158711
0.888889 0.828283 -7.06087e-17 0.0137192
0.888889 0.848485 -4.31512e-17 0.0113801
0.888889 0.868687 -1.44944e-17 0.00888948
0.888889 0.888889 2.79182e-18 0.00632972
0.888889 0.909091 1.74285e-17 0.00386324
0.888889 0.929293 4.13894e-17 0.0017714
0.888889 0.949495 5.45354e-17 0.000433097
0.888889 0.969697 6.79795e-17 1.60619e-05
0.909091 0 4.01155e-18 0
0.909091 0.020202 -8.41384e-05 1.58874e-07
0.909091 0.040404 -0.000333189 7.68983e-05
0.909091 0.0606061 -0.000737245 0.000601473
0.909091 0.0808081 -0.0012804 0.00167703
0.909091 0.10101 -0.0019416 0.00309462
0.909091 0.121212 -0.00269583 0.00464491
0.909091 0.141414 -0.00351538 0.00619487
0.909091 0.161616 -0.00437136 0.00767285
0.909091 0.181818 -0.00523517 0.00904489
0.909091 0.20202 -0.0060799 0.0102981
0.909091 0.222222 -0.00688164 0.011431
0.909091 0.242424 -0.00762053 0.0124473
0.909091 0.262626 -0.00828148 0.0133537
0.909091 0.282828 -0.00885468 0.0141574
0.909091 0.30303 -0.00933567 0.0148657
0.909091 0.323232 -0.00972505 0.0154857
0.909091 0.343434 -0.010028 0.0160233
0.909091 0.363636 -0.0102533 0.0164841
0.909091 0.383838 -0.0104124 0.0168728
0.909091 0.40404 -0.0105181 0.0171932
0.909091 0.424242 -0.0105835 0.0174486
0.909091 0.444444 -0.0106205 0.0176415
0.909091 0.464646 -0.0106389 0.0177739
0.909091 0.484848 -0.0106455 0.017847
0.909091 0.505051 -0.0106433 0.0178616
0.909091 0.525253 -0.0106313 0.0178178
0.909091 0.545455 -0.0106047 0.0177152
0.909091 0.565657 -0.0105545 0.0175527
0.909091 0.585859 -0.0104692 0.0173288
0.909091 0.606061 -0.0103348 0.0170413
0.909091 0.626263 -0.0101363 0.0166872
0.909091 0.646465 -0.00985926 0.016263
0.909091 0.666667 -0.00949045 0.0157644
0.909091 0.686869 -0.00901969 0.0151864
0.909091 0.707071 -0.00844076 0.014523
0.909091 0.727273 -0.00775239 0.0137679
0.909091 0.747475 -0.00695896 0.0129138
0.909091 0.767677 -0.00607078 0.0119533
0.909091 0.787879 -0.00510411 0.0108795
0.909091 0.808081 -0.00408075 0.00968665
0.909091 0.828283 -0.00302731 0.00837326
0.909091 0.848485 -0.0019741 0.00694563
0.909091 0.868687 -0.000953812 0.00542555
0.909091 0.888889 2.85687e-17 0.00386324
0.909091 0.909091 0.000854548 0.00235786
0.909091 0.929293 0.00157944 0.00108114
0.909091 0.949495 0.00214824 0.000264334
0.909091 0.969697 0.00253979 9.80309e-06
0.929293 0 5.42101e-18 0
0.929293 0.020202 -0.000155511 7.2848e-08
0.929293 0.040404 -0.000615827 3.526e-05
0.929293 0.0606061 -0.00136263 0.000275792
0.929293 0.0808081 -0.00236653 0.000768966
0.929293 0.10101 -0.00358863 0.00141897
0.929293 0.121212 -0.00498264 0.00212982
0.929293 0.141414 -0.0064974 0.00284052
0.929293 0.161616 -0.0080795 0.00351821
0.929293 0.181818 -0.00967605 0.00414733
0.929293 0.20202 -0.0112373 0.00472198
0.929293 0.222222 -0.0127192 0.00524141
0.929293 0.242424 -0.0140849 0.00570743
0.929293 0.262626 -0.0153065 0.00612302
0.929293 0.282828 -0.0163659 0.00649154
0.929293 0.30303 -0.0172549 0.00681635
0.929293 0.323232 -0.0179746 0.0071006
0.929293 0.343434 -0.0185345 0.00734712
0.929293 0.363636 -0.0189509 0.00755842
0.929293 0.383838 -0.019245 0.00773663
0.929293 0.40404 -0.0194404 0.00788355
0.929293 0.424242 -0.0195613 0.00800065
0.929293 0.444444 -0.0196296 0.00808911
0.929293 0.464646 -0.0196637 0.00814981
0.929293 0.484848 -0.0196758 0.00818334
0.929293 0.505051 -0.0196718 0.00819003
0.929293 0.525253 -0.0196497 0.00816994
0.929293 0.545455 -0.0196004 0.00812289
0.929293 0.565657 -0.0195077 0.0080484
0.929293 0.585859 -0.01935 0.00794575
0.929293 0.606061 -0.0191015 0.0078139
0.929293 0.626263 -0.0187348 0.00765154
0.929293 0.646465 -0.0182227 0.00745703
0.929293 0.666667 -0.017541 0.00722841
0.929293 0.686869 -0.0166709 0.00696336
0.929293 0.707071 -0.0156009 0.0066592
0.929293 0.727273 -0.0143286 0.00631295
0.929293 0.747475 -0.0128621 0.00592132
0.929293 0.767677 -0.0112205 0.00548093
0.929293 0.787879 -0.00943381 0.00498852
0.929293 0.808081 -0.00754237 0.00444159
0.929293 0.828283 -0.00559532 0.00383937
0.929293 0.848485 -0.00364869 0.00318476
0.929293 0.868687 -0.00176291 0.00248776
0.929293 0.888889 5.12286e-17 0.0017714
0.929293 0.909091 0.00157944 0.00108114
0.929293 0.929293 0.00291925 0.000495734
0.929293 0.949495 0.00397054 0.000121204
0.929293 0.969697 0.00469423 4.49498e-06
0.949495 0 4.11997e-18 0
0.949495 0.020202 -0.000211514 1.78109e-08
0.949495 0.040404 -0.0008376 8.62087e-06
0.949495 0.0606061 -0.00185335 6.74296e-05
0.949495 0.0808081 -0.00321877 0.000188008
0.949495 0.10101 -0.00488098 0.00034693
0.949495 0.121212 -0.00677701 0.000520729
0.949495 0.141414 -0.00883727 0.000694491
0.949495 0.161616 -0.0109891 0.000860183
0.949495 0.181818 -0.0131606 0.001014
0.949495 0.20202 -0.0152842 0.0011545
0.949495 0.222222 -0.0172997 0.0012815
0.949495 0.242424 -0.0191571 0.00139544
0.949495 0.262626 -0.0208187 0.00149705
0.949495 0.282828 -0.0222597 0.00158715
0.949495 0.30303 -0.0234688 0.00166656
0.949495 0.323232 -0.0244477 0.00173606
0.949495 0.343434 -0.0252092 0.00179633
0.949495 0.363636 -0.0257756 0.00184799
0.949495 0.383838 -0.0261755 0.00189156
0.949495 0.40404 -0.0264413 0.00192748
0.949495 0.424242 -0.0266057 0.00195612
0.949495 0.444444 -0.0266987 0.00197775
0.949495 0.464646 -0.026745 0.00199259
0.949495 0.484848 -0.0267616 0.00200078
0.949495 0.505051 -0.026756 0.00200242
0.949495 0.525253 -0.026726 0.00199751
0.949495 0.545455 -0.0266589 0.001986
0.949495 0.565657 -0.0265329 0.00196779
0.949495 0.585859 -0.0263184 0.00194269
0.949495 0.606061 -0.0259804 0.00191046
0.949495 0.626263 -0.0254816 0.00187076
0.949495 0.646465 -0.0247851 0.0018232
0.949495 0.666667 -0.0238579 0.00176731
0.949495 0.686869 -0.0226745 0.0017025
0.949495 0.707071 -0.0212191 0.00162814
0.949495 0.727273 -0.0194887 0.00154348
0.949495 0.747475 -0.017494 0.00144773
0.949495 0.767677 -0.0152613 0.00134006
0.949495 0.787879 -0.0128312 0.00121967
0.949495 0.808081 -0.0102586 0.00108595
0.949495 0.828283 -0.00761033 0.000938705
0.949495 0.848485 -0.00496267 0.000778656
0.949495 0.868687 -0.00239778 0.000608244
0.949495 0.888889 7.23705e-17 0.000433097
0.949495 0.909091 0.00214824 0.000264334
0.949495 0.929293 0.00397054 0.000121204
0.949495 0.949495 0.00540043 2.96338e-05
0.949495 0.969697 0.00638474 1.099e-06
0.969697 0 8.23994e-18 0
0.969697 0.020202 -0.000250066 6.60538e-10
0.969697 0.040404 -0.000990266 3.19714e-07
0.969697 0.0606061 -0.00219115 2.5007e-06
0.969697 0.0808081 -0.00380545 6.97247e-06
0.969697 0.10101 -0.00577061 1.28663e-05
0.969697 0.121212 -0.00801223 1.93118e-05
0.969697 0.141414 -0.010448 2.57559e-05
0.969697 0.161616 -0.012992 3.19008e-05
0.969697 0.181818 -0.0155593 3.76052e-05
0.969697 0.20202 -0.01807 4.28158e-05
0.969697 0.222222 -0.0204528 4.75256e-05
0.969697 0.242424 -0.0226488 5.17512e-05
0.969697 0.262626 -0.0246132 5.55195e-05
0.969697 0.282828 -0.0263168 5.8861e-05
0.969697 0.30303 -0.0277464 6.18061e-05
0.969697 0.323232 -0.0289037 6.43835e-05
0.969697 0.343434 -0.029804 6.66189e-05
0.969697 0.363636 -0.0304736 6.85347e-05
0.969697 0.383838 -0.0309464 7.01506e-05
0.969697 0.40404 -0.0312607 7.14828e-05
0.969697 0.424242 -0.031455 7.25446e-05
0.969697 0.444444 -0.031565 7.33467e-05
0.969697 0.464646 -0.0316197 7.38971e-05
0.969697 0.484848 -0.0316393 7.42011e-05
0.969697 0.505051 -0.0316327 7.42618e-05
0.969697 0.525253 -0.0315972 7.40796e-05
0.969697 0.545455 -0.0315179 7.3653e-05
0.969697 0.565657 -0.0313689 7.29776e-05
0.969697 0.585859 -0.0311153 7.20468e-05
0.969697 0.606061 -0.0307158 7.08513e-05
0.969697 0.626263 -0.030126 6.93791e-05
0.969697 0.646465 -0.0293025 6.76154e-05
0.969697 0.666667 -0.0282064 6.55425e-05
0.969697 0.686869 -0.0268073 6.31391e-05
0.969697 0.707071 -0.0250866 6.03812e-05
0.969697 0.727273 -0.0230408 5.72416e-05
0.969697 0.747475 -0.0206826 5.36906e-05
0.969697 0.767677 -0.0180429 4.96974e-05
0.969697 0.787879 -0.0151698 4.52326e-05
0.969697 0.808081 -0.0121283 4.02734e-05
0.969697 0.828283 -0.00899743 3.48128e-05
0.969697 0.848485 -0.00586719 2.88773e-05
0.969697 0.868687 -0.00283481 2.25574e-05
0.969697 0.888889 8.66278e-17 1.60619e-05
0.969697 0.909091 0.00253979 9.80309e-06
0.969697 0.929293 0.00469423 4.49498e-06
0.969697 0.949495 0.00638474 1.099e-06
0.969697 0.969697 0.00754845 4.07575e-08
