0 -2.60209e-18
0.00668896 0.000292182
0.0133779 0.00116865
0.0200669 0.00262913
0.0267559 0.00467301
0.0334448 0.0072991
0.0401338 0.0105053
0.0468227 0.0142885
0.0535117 0.0186435
0.0602007 0.0235634
0.0668896 0.0290387
0.0735786 0.0350567
0.0802676 0.0416015
0.0869565 0.0486534
0.0936455 0.0561887
0.100334 0.0641794
0.107023 0.0725935
0.113712 0.0813944
0.120401 0.0905414
0.12709 0.0999904
0.133779 0.109693
0.140468 0.119599
0.147157 0.129656
0.153846 0.139808
0.160535 0.15
0.167224 0.160176
0.173913 0.170283
0.180602 0.180268
0.187291 0.19008
0.19398 0.199673
0.200669 0.209004
0.207358 0.218037
0.214047 0.226739
0.220736 0.235085
0.227425 0.243053
0.234114 0.250631
0.240803 0.257811
0.247492 0.264592
0.254181 0.270979
0.26087 0.276982
0.267559 0.282616
0.274247 0.287899
0.280936 0.292855
0.287625 0.297509
0.294314 0.301888
0.301003 0.306019
0.307692 0.309931
0.314381 0.313651
0.32107 0.317204
0.327759 0.320615
0.334448 0.323903
0.341137 0.327087
0.347826 0.330181
0.354515 0.333194
0.361204 0.336133
0.367893 0.339001
0.374582 0.341798
0.381271 0.344517
0.38796 0.347154
0.394649 0.349697
0.401338 0.352137
0.408027 0.354458
0.414716 0.35665
0.421405 0.358697
0.428094 0.360586
0.434783 0.362306
0.441472 0.363846
0.448161 0.365197
0.454849 0.366352
0.461538 0.367307
0.468227 0.368061
0.474916 0.368614
0.481605 0.36897
0.488294 0.369133
0.494983 0.369113
0.501672 0.368917
0.508361 0.368556
0.51505 0.368041
0.521739 0.367384
0.528428 0.366597
0.535117 0.365689
0.541806 0.364671
0.548495 0.363552
0.555184 0.362337
0.561873 0.361032
0.568562 0.35964
0.575251 0.35816
0.58194 0.356592
0.588629 0.35493
0.595318 0.353169
0.602007 0.351302
0.608696 0.349318
0.615385 0.347207
0.622074 0.344958
0.628763 0.342559
0.635452 0.339997
0.64214 0.337262
0.648829 0.33434
0.655518 0.331223
0.662207 0.3279
0.668896 0.324364
0.675585 0.320608
0.682274 0.316626
0.688963 0.312414
0.695652 0.307971
0.702341 0.303294
0.70903 0.298383
0.715719 0.293238
0.722408 0.28786
0.729097 0.282251
0.735786 0.276411
0.742475 0.270341
0.749164 0.264042
0.755853 0.257513
0.762542 0.250755
0.769231 0.243767
0.77592 0.236547
0.782609 0.229093
0.789298 0.221403
0.795987 0.213477
0.802676 0.205314
0.809365 0.196914
0.816054 0.188281
0.822742 0.179418
0.829431 0.170334
0.83612 0.16104
0.842809 0.151551
0.849498 0.141886
0.856187 0.132071
0.862876 0.122134
0.869565 0.112111
0.876254 0.102042
0.882943 0.0919725
0.889632 0.0819536
0.896321 0.0720406
0.90301 0.0622933
0.909699 0.0527749
0.916388 0.0435516
0.923077 0.0346912
0.929766 0.0262624
0.936455 0.0183339
0.943144 0.0109726
0.949833 0.00424325
0.956522 -0.00179319
0.963211 -0.00708056
0.9699 -0.0115685
0.976589 -0.0152135
0.983278 -0.0179797
0.989967 -0.0198394
