0 0
0.00668896 4.55973e-17
0.0133779 5.94396e-09
0.0200669 3.01035e-06
0.0267559 6.76866e-05
0.0334448 0.000437843
0.0401338 0.00151913
0.0468227 0.00369208
0.0535117 0.00718321
0.0602007 0.0120488
0.0668896 0.0182166
0.0735786 0.0255381
0.0802676 0.0338302
0.0869565 0.0429032
0.0936455 0.0525772
0.100334 0.0626904
0.107023 0.073102
0.113712 0.0836926
0.120401 0.0943627
0.12709 0.105031
0.133779 0.11563
0.140468 0.126108
0.147157 0.136422
0.153846 0.14654
0.160535 0.156437
0.167224 0.166094
0.173913 0.175497
0.180602 0.184637
0.187291 0.193508
0.19398 0.202107
0.200669 0.210432
0.207358 0.218483
0.214047 0.226264
0.220736 0.233776
0.227425 0.241024
0.234114 0.248012
0.240803 0.254746
0.247492 0.261229
0.254181 0.267468
0.26087 0.273469
0.267559 0.279236
0.274247 0.284775
0.280936 0.290093
0.287625 0.295193
0.294314 0.300083
0.301003 0.304766
0.307692 0.309248
0.314381 0.313534
0.32107 0.317629
0.327759 0.321536
0.334448 0.325261
0.341137 0.328807
0.347826 0.332178
0.354515 0.335379
0.361204 0.338412
0.367893 0.341281
0.374582 0.34399
0.381271 0.34654
0.38796 0.348936
0.394649 0.351179
0.401338 0.353273
0.408027 0.355219
0.414716 0.357019
0.421405 0.358676
0.428094 0.360192
0.434783 0.361567
0.441472 0.362804
0.448161 0.363904
0.454849 0.364867
0.461538 0.365696
0.468227 0.366391
0.474916 0.366952
0.481605 0.367381
0.488294 0.367678
0.494983 0.367842
0.501672 0.367875
0.508361 0.367777
0.51505 0.367546
0.521739 0.367183
0.528428 0.366688
0.535117 0.36606
0.541806 0.365299
0.548495 0.364402
0.555184 0.363371
0.561873 0.362203
0.568562 0.360897
0.575251 0.359452
0.58194 0.357866
0.588629 0.356137
0.595318 0.354264
0.602007 0.352245
0.608696 0.350077
0.615385 0.347757
0.622074 0.345285
0.628763 0.342655
0.635452 0.339867
0.64214 0.336916
0.648829 0.3338
0.655518 0.330514
0.662207 0.327056
0.668896 0.323421
0.675585 0.319605
0.682274 0.315605
0.688963 0.311415
0.695652 0.307032
0.702341 0.30245
0.70903 0.297664
0.715719 0.29267
0.722408 0.287461
0.729097 0.282034
0.735786 0.276381
0.742475 0.270498
0.749164 0.264379
0.755853 0.258018
0.762542 0.251411
0.769231 0.244551
0.77592 0.237433
0.782609 0.230053
0.789298 0.222407
0.795987 0.214491
0.802676 0.206303
0.809365 0.197842
0.816054 0.189107
0.822742 0.180101
0.829431 0.170828
0.83612 0.161297
0.842809 0.151518
0.849498 0.141508
0.856187 0.131288
0.862876 0.120887
0.869565 0.110342
0.876254 0.0997014
0.882943 0.0890232
0.889632 0.0783816
0.896321 0.0678668
0.90301 0.0575882
0.909699 0.0476756
0.916388 0.0382807
0.923077 0.0295748
0.929766 0.0217442
0.936455 0.014978
0.943144 0.00944632
0.949833 0.00526572
0.956522 0.00245074
0.963211 0.00086308
0.9699 0.000190985
0.976589 1.78311e-05
0.983278 2.49389e-07
0.989967 1.17261e-11
