1 0.495936
2 0.351553
3 0.287305
4 0.248942
5 0.22274
6 0.203389
7 0.188344
8 0.176215
9 0.166167
10 0.157666
11 0.150352
12 0.143972
13 0.138343
14 0.133329
15 0.128825
16 0.124751
17 0.121042
18 0.117646
19 0.114523
20 0.111636
21 0.108959
22 0.106467
23 0.104139
24 0.101958
25 0.0999103
26 0.0979815
27 0.0961611
28 0.0944393
29 0.0928075
30 0.091258
31 0.0897844
32 0.0883804
33 0.087041
34 0.0857611
35 0.0845367
36 0.0833637
37 0.0822387
38 0.0811586
39 0.0801203
40 0.0791214
41 0.0781593
42 0.0772318
43 0.076337
44 0.075473
45 0.074638
46 0.0738305
47 0.073049
48 0.0722921
49 0.0715585
50 0.0708472
51 0.070157
52 0.0694868
53 0.0688357
54 0.0682029
55 0.0675875
56 0.0669887
57 0.0664058
58 0.0658382
59 0.065285
60 0.0647458
61 0.06422
62 0.063707
63 0.0632063
64 0.0627174
65 0.06224
66 0.0617734
67 0.0613174
68 0.0608716
69 0.0604355
70 0.0600088
71 0.0595912
72 0.0591824
73 0.0587821
74 0.05839
75 0.0580057
76 0.0576292
77 0.05726
78 0.056898
79 0.0565429
80 0.0561945
81 0.0558526
82 0.0555171
83 0.0551876
84 0.0548641
85 0.0545464
86 0.0542342
87 0.0539275
88 0.0536261
89 0.0533298
90 0.0530384
91 0.0527519
92 0.0524702
93 0.052193
94 0.0519203
95 0.0516519
96 0.0513877
97 0.0511277
98 0.0508717
99 0.0506196
100 0.0503714
