1 0.242742
2 0.677619
3 8.51402e-15
4 8.37088e-15
5 2.61466
6 5.35683e-15
7 4.82947e-15
8 5.87551e-15
9 1.38986e-14
10 3.00447
11 9.44383e-15
12 7.78544e-15
13 1.2941e-15
14 2.2842e-15
15 7.00828e-16
16 5.45397e-15
17 7.63278e-15
18 4.69069e-15
19 2.04003e-15
20 1.54241e-15
21 4.14946e-15
22 2.02616e-15
23 3.96905e-15
24 3.17801e-15
25 1.66492
26 5.19029e-15
27 5.48173e-16
28 1.80758e-15
29 1.5439e-16
30 4.26655e-15
31 3.19666e-15
32 8.85495e-16
33 3.44072e-16
34 1.12031e-15
35 1.70653e-15
36 1.20216e-15
37 4.18068e-16
38 3.84068e-15
39 1.23165e-15
40 1.81539e-15
41 8.25728e-16
42 5.40019e-15
43 1.34441e-16
44 1.99493e-17
45 4.18502e-16
46 1.22298e-15
47 9.82504e-16
48 2.38264e-15
49 1.04951e-15
50 0.070542
51 1.0378e-15
52 1.73472e-16
53 9.54098e-18
54 1.20477e-15
55 1.71738e-16
56 1.48753e-15
57 4.44089e-16
58 1.98626e-15
59 3.22659e-16
60 4.33681e-16
61 5.91541e-16
62 1.69136e-15
63 3.0722e-15
64 7.25114e-16
65 7.30319e-16
66 8.43076e-16
67 3.42781e-15
68 1.55084e-15
69 2.23779e-16
70 2.89699e-16
71 2.55525e-15
72 7.91034e-16
73 1.4589e-15
74 5.88071e-16
75 1.64452e-15
76 8.67362e-16
77 3.98986e-17
78 9.29812e-16
79 1.41467e-15
80 2.41994e-16
81 6.67869e-17
82 2.26381e-15
83 2.01575e-15
84 1.54824e-15
85 2.60902e-15
86 2.89525e-15
87 3.56225e-15
88 4.40273e-15
89 1.58207e-15
90 3.94736e-15
91 3.88144e-16
92 4.93529e-16
93 2.02225e-15
94 7.94287e-15
95 1.14058e-15
96 1.51159e-15
97 7.43004e-16
98 3.60595e-15
99 1.03292e-15
100 1.80129e-15
