1 0.001
2 0.001
3 0.001
4 0.001
5 0.001
6 0.001
7 0.000999996
8 0.000999974
9 0.000999888
10 0.000999646
11 0.000999103
12 0.000998069
13 0.00099633
14 0.000993669
15 0.000989894
16 0.000984848
17 0.000978418
18 0.000970541
19 0.000961198
20 0.000950411
21 0.000938237
22 0.000924756
23 0.000910072
24 0.000894298
25 0.000877558
26 0.000859978
27 0.000841682
28 0.000822794
29 0.00080343
30 0.000783701
31 0.00076371
32 0.000743553
33 0.000723315
34 0.000703075
35 0.000682904
36 0.000662863
37 0.000643008
38 0.000623387
39 0.000604043
40 0.00058501
41 0.000566319
42 0.000547995
43 0.000530061
44 0.000512531
45 0.000495421
46 0.000478738
47 0.000462492
48 0.000446686
49 0.000431323
50 0.000416402
51 0.000401923
52 0.000387882
53 0.000374275
54 0.000361097
55 0.000348341
56 0.000336
57 0.000324067
58 0.000312532
59 0.000301387
60 0.000290623
61 0.000280231
62 0.000270199
63 0.00026052
64 0.000251182
65 0.000242177
66 0.000233493
67 0.000225121
68 0.000217052
69 0.000209276
70 0.000201782
71 0.000194563
72 0.000187608
73 0.000180908
74 0.000174456
75 0.000168241
76 0.000162257
77 0.000156494
78 0.000150945
79 0.000145601
80 0.000140457
81 0.000135503
82 0.000130734
83 0.000126142
84 0.000121721
85 0.000117465
86 0.000113366
87 0.00010942
88 0.000105621
89 0.000101962
90 9.84393e-05
91 9.5047e-05
92 9.17803e-05
93 8.86342e-05
94 8.56044e-05
95 8.26862e-05
96 7.98754e-05
97 7.71679e-05
98 7.45598e-05
99 7.20472e-05
100 6.96265e-05
