1 0.0044375
2 0.000105225
3 9.82129e-06
4 1.78432e-06
5 4.7216e-07
6 1.58928e-07
7 6.32177e-08
8 2.84277e-08
9 1.40414e-08
10 7.46938e-09
11 4.21927e-09
12 2.50461e-09
13 1.55007e-09
14 9.94002e-10
15 6.57241e-10
16 4.46322e-10
17 3.1028e-10
18 2.20231e-10
19 1.59239e-10
20 1.17068e-10
21 8.73661e-11
22 6.60935e-11
23 5.06243e-11
24 3.9218e-11
25 3.06999e-11
26 2.42638e-11
27 1.9348e-11
28 1.55556e-11
29 1.26027e-11
30 1.02834e-11
31 8.44708e-12
32 6.98215e-12
33 5.80518e-12
34 4.85328e-12
35 4.07857e-12
36 3.44436e-12
37 2.92229e-12
38 2.4902e-12
39 2.13086e-12
40 1.83061e-12
41 1.57854e-12
42 1.36605e-12
43 1.1862e-12
44 1.0334e-12
45 9.03028e-13
46 7.91464e-13
47 6.95652e-13
48 6.13121e-13
49 5.41886e-13
50 4.79922e-13
51 4.26159e-13
52 3.79308e-13
53 3.38327e-13
54 3.02453e-13
55 2.70908e-13
56 2.43167e-13
57 2.18658e-13
58 1.97009e-13
59 1.77788e-13
60 1.60733e-13
61 1.45564e-13
62 1.32019e-13
63 1.1996e-13
64 1.09149e-13
65 9.94343e-14
66 9.0733e-14
67 8.29059e-14
68 7.58699e-14
69 6.95e-14
70 6.37407e-14
71 5.85365e-14
72 5.38319e-14
73 4.95576e-14
74 4.56857e-14
75 4.21468e-14
76 3.89411e-14
77 3.5999e-14
78 3.33067e-14
79 3.08364e-14
80 2.8616e-14
81 2.65482e-14
82 2.46747e-14
83 2.294e-14
84 2.1344e-14
85 1.99007e-14
86 1.85546e-14
87 1.73195e-14
88 1.61676e-14
89 1.50852e-14
90 1.4086e-14
91 1.32117e-14
92 1.2379e-14
93 1.16018e-14
94 1.08663e-14
95 1.02141e-14
96 9.58955e-15
97 9.02056e-15
98 8.57647e-15
99 7.95197e-15
100 7.49401e-15
