0 9.31736e-20
0.00133422 3.99311e-07
0.00266845 1.5546e-06
0.00400267 3.34138e-06
0.00533689 5.56349e-06
0.00667111 7.96966e-06
0.00800534 1.02759e-05
0.00933956 1.21926e-05
0.0106738 1.34561e-05
0.012008 1.38625e-05
0.0133422 1.33035e-05
0.0146765 1.18021e-05
0.0160107 9.54722e-06
0.0173449 6.92657e-06
0.0186791 4.55483e-06
0.0200133 3.29772e-06
0.0213476 4.29008e-06
0.0226818 8.94734e-06
0.024016 1.89699e-05
0.0253502 3.63401e-05
0.0266845 6.33111e-05
0.0280187 0.000102389
0.0293529 0.000156307
0.0306871 0.000227993
0.0320213 0.000320535
0.0333556 0.000437134
0.0346898 0.000581061
0.036024 0.000755608
0.0373582 0.00096404
0.0386925 0.00120954
0.0400267 0.00149518
0.0413609 0.00182383
0.0426951 0.00219819
0.0440294 0.00262068
0.0453636 0.00309345
0.0466978 0.00361837
0.048032 0.00419697
0.0493662 0.00483044
0.0507005 0.00551966
0.0520347 0.00626519
0.0533689 0.00706723
0.0547031 0.00792572
0.0560374 0.00884031
0.0573716 0.00981037
0.0587058 0.0108351
0.06004 0.0119134
0.0613742 0.0130441
0.0627085 0.0142258
0.0640427 0.0154573
0.0653769 0.0167368
0.0667111 0.0180629
0.0680454 0.0194341
0.0693796 0.0208488
0.0707138 0.0223054
0.072048 0.0238024
0.0733823 0.0253384
0.0747165 0.026912
0.0760507 0.0285217
0.0773849 0.0301664
0.0787191 0.0318447
0.0800534 0.0335553
0.0813876 0.0352972
0.0827218 0.037069
0.084056 0.0388696
0.0853903 0.0406978
0.0867245 0.0425525
0.0880587 0.0444323
0.0893929 0.0463362
0.0907272 0.0482627
0.0920614 0.0502107
0.0933956 0.0521789
0.0947298 0.0541658
0.096064 0.0561702
0.0973983 0.0581907
0.0987325 0.060226
0.100067 0.0622747
0.101401 0.0643355
0.102735 0.0664071
0.104069 0.0684883
0.105404 0.070578
0.106738 0.0726749
0.108072 0.0747781
0.109406 0.0768865
0.11074 0.0789994
0.112075 0.0811158
0.113409 0.0832351
0.114743 0.0853567
0.116077 0.0874798
0.117412 0.0896041
0.118746 0.091729
0.12008 0.0938542
0.121414 0.0959793
0.122748 0.0981039
0.124083 0.100228
0.125417 0.102351
0.126751 0.104472
0.128085 0.106591
0.12942 0.108709
0.130754 0.110824
0.132088 0.112935
0.133422 0.115044
0.134757 0.117149
0.136091 0.119249
0.137425 0.121345
0.138759 0.123435
0.140093 0.12552
0.141428 0.127598
0.142762 0.12967
0.144096 0.131734
0.14543 0.13379
0.146765 0.135838
0.148099 0.137878
0.149433 0.139909
0.150767 0.141931
0.152101 0.143943
0.153436 0.145946
0.15477 0.147939
0.156104 0.149923
0.157438 0.151897
0.158773 0.153861
0.160107 0.155815
0.161441 0.15776
0.162775 0.159695
0.164109 0.161621
0.165444 0.163537
0.166778 0.165443
0.168112 0.16734
0.169446 0.169228
0.170781 0.171106
0.172115 0.172975
0.173449 0.174834
0.174783 0.176684
0.176117 0.178524
0.177452 0.180354
0.178786 0.182173
0.18012 0.183983
0.181454 0.185782
0.182789 0.18757
0.184123 0.189347
0.185457 0.191113
0.186791 0.192868
0.188125 0.194611
0.18946 0.196343
0.190794 0.198063
0.192128 0.199772
0.193462 0.201469
0.194797 0.203154
0.196131 0.204827
0.197465 0.20649
0.198799 0.208141
0.200133 0.20978
0.201468 0.211409
0.202802 0.213027
0.204136 0.214634
0.20547 0.21623
0.206805 0.217816
0.208139 0.219392
0.209473 0.220957
0.210807 0.222513
0.212141 0.224058
0.213476 0.225594
0.21481 0.227119
0.216144 0.228635
0.217478 0.23014
0.218813 0.231635
0.220147 0.23312
0.221481 0.234595
0.222815 0.236059
0.224149 0.237513
0.225484 0.238955
0.226818 0.240388
0.228152 0.241809
0.229486 0.243219
0.230821 0.244619
0.232155 0.246008
0.233489 0.247386
0.234823 0.248753
0.236157 0.250109
0.237492 0.251455
0.238826 0.25279
0.24016 0.254115
0.241494 0.25543
0.242829 0.256735
0.244163 0.25803
0.245497 0.259315
0.246831 0.260591
0.248165 0.261857
0.2495 0.263115
0.250834 0.264363
0.252168 0.265602
0.253502 0.266833
0.254837 0.268054
0.256171 0.269266
0.257505 0.27047
0.258839 0.271664
0.260173 0.27285
0.261508 0.274026
0.262842 0.275194
0.264176 0.276351
0.26551 0.2775
0.266845 0.278639
0.268179 0.279769
0.269513 0.280889
0.270847 0.282
0.272181 0.283101
0.273516 0.284193
0.27485 0.285276
0.276184 0.286349
0.277518 0.287412
0.278853 0.288467
0.280187 0.289513
0.281521 0.290549
0.282855 0.291578
0.284189 0.292597
0.285524 0.293608
0.286858 0.294611
0.288192 0.295606
0.289526 0.296593
0.290861 0.297572
0.292195 0.298543
0.293529 0.299507
0.294863 0.300463
0.296197 0.301411
0.297532 0.302351
0.298866 0.303284
0.3002 0.304209
0.301534 0.305126
0.302869 0.306036
0.304203 0.306937
0.305537 0.30783
0.306871 0.308715
0.308205 0.309593
0.30954 0.310461
0.310874 0.311322
0.312208 0.312175
0.313542 0.313019
0.314877 0.313855
0.316211 0.314683
0.317545 0.315503
0.318879 0.316316
0.320213 0.31712
0.321548 0.317917
0.322882 0.318706
0.324216 0.319488
0.32555 0.320262
0.326885 0.321029
0.328219 0.32179
0.329553 0.322543
0.330887 0.32329
0.332221 0.32403
0.333556 0.324763
0.33489 0.32549
0.336224 0.326209
0.337558 0.326923
0.338893 0.327629
0.340227 0.328329
0.341561 0.329022
0.342895 0.329709
0.344229 0.330388
0.345564 0.331061
0.346898 0.331726
0.348232 0.332385
0.349566 0.333036
0.350901 0.33368
0.352235 0.334317
0.353569 0.334947
0.354903 0.33557
0.356237 0.336186
0.357572 0.336794
0.358906 0.337396
0.36024 0.337991
0.361574 0.338579
0.362909 0.33916
0.364243 0.339735
0.365577 0.340303
0.366911 0.340865
0.368245 0.341421
0.36958 0.341971
0.370914 0.342515
0.372248 0.343053
0.373582 0.343585
0.374917 0.344111
0.376251 0.344631
0.377585 0.345146
0.378919 0.345654
0.380254 0.346157
0.381588 0.346654
0.382922 0.347145
0.384256 0.347629
0.38559 0.348108
0.386925 0.34858
0.388259 0.349046
0.389593 0.349506
0.390927 0.349959
0.392262 0.350406
0.393596 0.350846
0.39493 0.35128
0.396264 0.351708
0.397598 0.352129
0.398933 0.352544
0.400267 0.352953
0.401601 0.353356
0.402935 0.353753
0.40427 0.354143
0.405604 0.354529
0.406938 0.354908
0.408272 0.355282
0.409606 0.35565
0.410941 0.356012
0.412275 0.35637
0.413609 0.356722
0.414943 0.357069
0.416278 0.35741
0.417612 0.357746
0.418946 0.358077
0.42028 0.358402
0.421614 0.358722
0.422949 0.359037
0.424283 0.359346
0.425617 0.359649
0.426951 0.359947
0.428286 0.360239
0.42962 0.360525
0.430954 0.360805
0.432288 0.361079
0.433622 0.361348
0.434957 0.36161
0.436291 0.361867
0.437625 0.362118
0.438959 0.362362
0.440294 0.362602
0.441628 0.362835
0.442962 0.363063
0.444296 0.363285
0.44563 0.363502
0.446965 0.363714
0.448299 0.36392
0.449633 0.364121
0.450967 0.364317
0.452302 0.364508
0.453636 0.364694
0.45497 0.364875
0.456304 0.36505
0.457638 0.365221
0.458973 0.365387
0.460307 0.365548
0.461641 0.365704
0.462975 0.365854
0.46431 0.366
0.465644 0.36614
0.466978 0.366274
0.468312 0.366404
0.469646 0.366527
0.470981 0.366645
0.472315 0.366758
0.473649 0.366865
0.474983 0.366966
0.476318 0.367062
0.477652 0.367152
0.478986 0.367236
0.48032 0.367315
0.481654 0.367388
0.482989 0.367456
0.484323 0.367518
0.485657 0.367576
0.486991 0.367628
0.488326 0.367674
0.48966 0.367716
0.490994 0.367753
0.492328 0.367785
0.493662 0.367812
0.494997 0.367834
0.496331 0.367851
0.497665 0.367864
0.498999 0.367871
0.500334 0.367874
0.501668 0.367871
0.503002 0.367864
0.504336 0.367851
0.50567 0.367833
0.507005 0.36781
0.508339 0.367781
0.509673 0.367747
0.511007 0.367708
0.512342 0.367663
0.513676 0.367612
0.51501 0.367556
0.516344 0.367494
0.517678 0.367427
0.519013 0.367354
0.520347 0.367275
0.521681 0.367191
0.523015 0.367102
0.52435 0.367007
0.525684 0.366907
0.527018 0.366801
0.528352 0.366691
0.529686 0.366575
0.531021 0.366454
0.532355 0.366328
0.533689 0.366198
0.535023 0.366062
0.536358 0.365921
0.537692 0.365775
0.539026 0.365625
0.54036 0.365469
0.541694 0.365308
0.543029 0.365142
0.544363 0.364971
0.545697 0.364794
0.547031 0.364612
0.548366 0.364425
0.5497 0.364232
0.551034 0.364033
0.552368 0.363829
0.553702 0.363619
0.555037 0.363403
0.556371 0.363182
0.557705 0.362954
0.559039 0.362721
0.560374 0.362482
0.561708 0.362238
0.563042 0.361988
0.564376 0.361732
0.56571 0.36147
0.567045 0.361203
0.568379 0.360931
0.569713 0.360653
0.571047 0.36037
0.572382 0.360082
0.573716 0.359788
0.57505 0.359489
0.576384 0.359185
0.577718 0.358875
0.579053 0.358561
0.580387 0.35824
0.581721 0.357915
0.583055 0.357584
0.58439 0.357247
0.585724 0.356905
0.587058 0.356557
0.588392 0.356204
0.589726 0.355844
0.591061 0.355479
0.592395 0.355107
0.593729 0.35473
0.595063 0.354346
0.596398 0.353956
0.597732 0.35356
0.599066 0.353158
0.6004 0.352749
0.601734 0.352335
0.603069 0.351914
0.604403 0.351487
0.605737 0.351054
0.607071 0.350616
0.608406 0.350171
0.60974 0.34972
0.611074 0.349264
0.612408 0.348802
0.613742 0.348334
0.615077 0.34786
0.616411 0.34738
0.617745 0.346895
0.619079 0.346404
0.620414 0.345907
0.621748 0.345404
0.623082 0.344895
0.624416 0.34438
0.625751 0.343858
0.627085 0.343331
0.628419 0.342797
0.629753 0.342257
0.631087 0.34171
0.632422 0.341156
0.633756 0.340596
0.63509 0.34003
0.636424 0.339456
0.637759 0.338875
0.639093 0.338288
0.640427 0.337694
0.641761 0.337093
0.643095 0.336485
0.64443 0.335871
0.645764 0.33525
0.647098 0.334622
0.648432 0.333987
0.649767 0.333346
0.651101 0.332698
0.652435 0.332044
0.653769 0.331383
0.655103 0.330715
0.656438 0.330041
0.657772 0.329361
0.659106 0.328674
0.66044 0.32798
0.661775 0.327279
0.663109 0.326572
0.664443 0.325858
0.665777 0.325137
0.667111 0.324409
0.668446 0.323674
0.66978 0.322931
0.671114 0.322181
0.672448 0.321424
0.673783 0.320659
0.675117 0.319886
0.676451 0.319106
0.677785 0.318318
0.679119 0.317523
0.680454 0.316719
0.681788 0.315908
0.683122 0.315089
0.684456 0.314262
0.685791 0.313428
0.687125 0.312586
0.688459 0.311736
0.689793 0.310879
0.691127 0.310014
0.692462 0.309141
0.693796 0.308261
0.69513 0.307373
0.696464 0.306478
0.697799 0.305575
0.699133 0.304665
0.700467 0.303747
0.701801 0.302821
0.703135 0.301888
0.70447 0.300946
0.705804 0.299996
0.707138 0.299039
0.708472 0.298073
0.709807 0.297099
0.711141 0.296116
0.712475 0.295124
0.713809 0.294124
0.715143 0.293116
0.716478 0.292098
0.717812 0.291072
0.719146 0.290036
0.72048 0.288992
0.721815 0.287938
0.723149 0.286876
0.724483 0.285805
0.725817 0.284725
0.727151 0.283635
0.728486 0.282537
0.72982 0.28143
0.731154 0.280314
0.732488 0.27919
0.733823 0.278056
0.735157 0.276914
0.736491 0.275763
0.737825 0.274603
0.739159 0.273435
0.740494 0.272257
0.741828 0.271071
0.743162 0.269875
0.744496 0.26867
0.745831 0.267456
0.747165 0.266232
0.748499 0.264999
0.749833 0.263757
0.751167 0.262504
0.752502 0.261242
0.753836 0.259969
0.75517 0.258687
0.756504 0.257395
0.757839 0.256092
0.759173 0.254779
0.760507 0.253455
0.761841 0.252122
0.763175 0.250778
0.76451 0.249423
0.765844 0.248058
0.767178 0.246684
0.768512 0.245298
0.769847 0.243903
0.771181 0.242498
0.772515 0.241082
0.773849 0.239656
0.775183 0.238221
0.776518 0.236775
0.777852 0.235319
0.779186 0.233853
0.78052 0.232377
0.781855 0.230891
0.783189 0.229394
0.784523 0.227888
0.785857 0.22637
0.787191 0.224843
0.788526 0.223304
0.78986 0.221755
0.791194 0.220195
0.792528 0.218624
0.793863 0.217043
0.795197 0.215449
0.796531 0.213845
0.797865 0.21223
0.799199 0.210603
0.800534 0.208965
0.801868 0.207315
0.803202 0.205654
0.804536 0.203982
0.805871 0.202299
0.807205 0.200605
0.808539 0.1989
0.809873 0.197184
0.811207 0.195457
0.812542 0.19372
0.813876 0.191972
0.81521 0.190213
0.816544 0.188444
0.817879 0.186665
0.819213 0.184876
0.820547 0.183076
0.821881 0.181266
0.823215 0.179446
0.82455 0.177615
0.825884 0.175774
0.827218 0.173923
0.828552 0.172062
0.829887 0.170191
0.831221 0.168309
0.832555 0.166416
0.833889 0.164513
0.835223 0.1626
0.836558 0.160677
0.837892 0.158743
0.839226 0.156799
0.84056 0.154844
0.841895 0.15288
0.843229 0.150906
0.844563 0.148922
0.845897 0.146929
0.847231 0.144927
0.848566 0.142916
0.8499 0.140897
0.851234 0.138869
0.852568 0.136833
0.853903 0.13479
0.855237 0.132739
0.856571 0.130682
0.857905 0.128618
0.859239 0.126548
0.860574 0.124471
0.861908 0.12239
0.863242 0.120302
0.864576 0.11821
0.865911 0.116112
0.867245 0.11401
0.868579 0.111904
0.869913 0.109794
0.871247 0.107679
0.872582 0.105562
0.873916 0.103441
0.87525 0.101317
0.876584 0.0991907
0.877919 0.0970624
0.879253 0.0949325
0.880587 0.0928015
0.881921 0.0906701
0.883256 0.0885389
0.88459 0.0864086
0.885924 0.0842799
0.887258 0.0821537
0.888592 0.0800307
0.889927 0.077912
0.891261 0.0757985
0.892595 0.0736911
0.893929 0.0715909
0.895264 0.0694989
0.896598 0.0674161
0.897932 0.0653437
0.899266 0.0632826
0.9006 0.061234
0.901935 0.0591989
0.903269 0.0571784
0.904603 0.0551735
0.905937 0.0531852
0.907272 0.0512146
0.908606 0.0492627
0.90994 0.0473307
0.911274 0.0454194
0.912608 0.04353
0.913943 0.0416637
0.915277 0.0398215
0.916611 0.0380047
0.917945 0.0362144
0.91928 0.0344521
0.920614 0.032719
0.921948 0.0310166
0.923282 0.0293464
0.924616 0.02771
0.925951 0.026109
0.927285 0.024545
0.928619 0.02302
0.929953 0.0215355
0.931288 0.0200935
0.932622 0.0186956
0.933956 0.0173438
0.93529 0.0160395
0.936624 0.0147846
0.937959 0.0135805
0.939293 0.0124286
0.940627 0.0113302
0.941961 0.0102864
0.943296 0.00929801
0.94463 0.00836565
0.945964 0.0074897
0.947298 0.00667027
0.948632 0.0059072
0.949967 0.00520002
0.951301 0.00454798
0.952635 0.00395003
0.953969 0.00340484
0.955304 0.00291079
0.956638 0.00246603
0.957972 0.00206843
0.959306 0.0017157
0.96064 0.00140531
0.961975 0.0011346
0.963309 0.000900791
0.964643 0.000701017
0.965977 0.00053236
0.967312 0.000391889
0.968646 0.0002767
0.96998 0.000183946
0.971314 0.000110868
0.972648 5.48311e-05
0.973983 1.33419e-05
0.975317 -1.5924e-05
0.976651 -3.51069e-05
0.977985 -4.61493e-05
0.97932 -5.07886e-05
0.980654 -5.05533e-05
0.981988 -4.67642e-05
0.983322 -4.0541e-05
0.984656 -3.28111e-05
0.985991 -2.43231e-05
0.987325 -1.56635e-05
0.988659 -7.27406e-06
0.989993 5.27256e-07
0.991328 7.52607e-06
0.992662 1.35906e-05
0.993996 1.86513e-05
0.99533 2.26825e-05
0.996664 2.56853e-05
0.997999 2.76735e-05
