-7 0.753902
-6.71429 0.908506
-6.42857 0.98945
-6.14286 0.99017
-5.85714 0.910608
-5.57143 0.757216
-5.28571 0.542429
-5 0.283662
-4.71429 0.00189673
-4.42857 -0.280023
-4.14286 -0.539238
-3.85714 -0.754732
-3.57143 -0.909034
-3.28571 -0.989632
-3 -0.989992
-2.71429 -0.910085
-2.42857 -0.756389
-2.14286 -0.541366
-1.85714 -0.282449
-1.57143 -0.000632245
-1.28571 0.281236
-1 0.540302
-0.714286 0.755561
-0.428571 0.90956
-0.142857 0.989813
0.142857 0.989813
0.428571 0.90956
0.714286 0.755561
1 0.540302
1.28571 0.281236
1.57143 -0.000632245
1.85714 -0.282449
2.14286 -0.541366
2.42857 -0.756389
2.71429 -0.910085
3 -0.989992
3.28571 -0.989632
3.57143 -0.909034
3.85714 -0.754732
4.14286 -0.539238
4.42857 -0.280023
4.71429 0.00189673
5 0.283662
5.28571 0.542429
5.57143 0.757216
5.85714 0.910608
6.14286 0.99017
6.42857 0.98945
6.71429 0.908506
7 0.753902
