-7 15.8912
-6.71429 10.206
-6.42857 6.49694
-6.14286 4.11621
-5.85714 2.59603
-5.57143 1.60992
-5.28571 0.939972
-5 0.449544
-4.71429 0.0606327
-4.42857 -0.26439
-4.14286 -0.5373
-3.85714 -0.755235
-3.57143 -0.909051
-3.28571 -0.989234
-3 -0.989755
-2.71429 -0.910242
-2.42857 -0.756785
-2.14286 -0.541698
-1.85714 -0.282497
-1.57143 -0.000372943
-1.28571 0.281649
-1 0.540644
-0.714286 0.755655
-0.428571 0.90936
-0.142857 0.989419
0.142857 0.98942
0.428571 0.90936
0.714286 0.755654
1 0.540642
1.28571 0.281646
1.57143 -0.000375634
1.85714 -0.282496
2.14286 -0.541692
2.42857 -0.756776
2.71429 -0.910237
3 -0.989764
3.28571 -0.989258
3.57143 -0.90905
3.85714 -0.755065
4.14286 -0.536607
4.42857 -0.262431
4.71429 0.0652719
5 0.459359
5.28571 0.959137
5.57143 1.64511
5.85714 2.65758
6.14286 4.21959
6.42857 6.66479
6.71429 10.4707
7 16.2981
