2 0.511719
3 0.511231
4 0.511149
5 0.511127
6 0.511119
7 0.511115
8 0.511113
9 0.511113
10 0.511112
11 0.511112
12 0.511112
13 0.511111
14 0.511111
15 0.511111
16 0.511111
17 0.511111
18 0.511111
19 0.511111
20 0.511111
21 0.511111
22 0.511111
23 0.511111
24 0.511111
25 0.511111
26 0.511111
27 0.511111
28 0.511111
29 0.511111
30 0.511111
31 0.511111
32 0.511111
33 0.511111
34 0.511111
35 0.511111
36 0.511111
37 0.511111
38 0.511111
39 0.511111
40 0.511111
41 0.511111
42 0.511111
43 0.511111
44 0.511111
45 0.511111
46 0.511111
47 0.511111
48 0.511111
49 0.511111
50 0.511111
51 0.511111
52 0.511111
53 0.511111
54 0.511111
55 0.511111
56 0.511111
57 0.511111
58 0.511111
59 0.511111
60 0.511111
61 0.511111
62 0.511111
63 0.511111
64 0.511111
65 0.511111
66 0.511111
67 0.511111
68 0.511111
69 0.511111
70 0.511111
71 0.511111
72 0.511111
73 0.511111
74 0.511111
75 0.511111
76 0.511111
77 0.511111
78 0.511111
79 0.511111
80 0.511111
81 0.511111
82 0.511111
83 0.511111
84 0.511111
85 0.511111
86 0.511111
87 0.511111
88 0.511111
89 0.511111
90 0.511111
91 0.511111
92 0.511111
93 0.511111
94 0.511111
95 0.511111
96 0.511111
97 0.511111
98 0.511111
99 0.511111
100 0.511111
